
===Parameters: nNurses 30, nDays 42, nBioInstance 0, extFatigue 0, extShiftWork, 1, applyMinWorkTime, 1===
---Change of Parameters: nNurses 30, nDays 42, nBioInstance 0, extFatigue 0, extShiftWork, 1, applyMinWorkTime, 1---

nShift
Nurse 1,	 BioType 1:	 Off:20,	 Day:12,	 Eve4,	 Night6:
[0, 3, 3, 0, 0, 2, 0, 0, 1, 0, 1, 1, 1, 1, 0, 2, 0, 0, 1, 2, 0, 1, 0, 0, 3, 3, 0, 1, 0, 2, 0, 0, 0, 1, 0, 1, 3, 0, 1, 1, 0, 3]
Nurse 2,	 BioType 2:	 Off:17,	 Day:13,	 Eve11,	 Night1:
[0, 1, 1, 1, 2, 2, 0, 0, 2, 2, 0, 2, 2, 0, 0, 1, 0, 2, 2, 0, 1, 0, 0, 1, 1, 1, 0, 1, 0, 0, 1, 0, 1, 3, 0, 0, 2, 2, 2, 0, 1, 1]
Nurse 3,	 BioType 3:	 Off:19,	 Day:12,	 Eve9,	 Night2:
[1, 2, 0, 0, 1, 1, 1, 2, 0, 1, 1, 0, 0, 2, 0, 1, 1, 2, 3, 0, 2, 0, 0, 2, 0, 0, 2, 0, 1, 1, 1, 0, 0, 0, 2, 0, 0, 1, 2, 0, 0, 3]
Nurse 4,	 BioType 4:	 Off:19,	 Day:7,	 Eve8,	 Night8:
[2, 2, 0, 3, 0, 1, 1, 0, 1, 0, 0, 2, 3, 3, 3, 0, 2, 0, 0, 0, 1, 3, 0, 1, 2, 0, 0, 2, 3, 0, 0, 1, 3, 3, 0, 2, 0, 1, 0, 0, 2, 0]
Nurse 5,	 BioType 5:	 Off:21,	 Day:3,	 Eve5,	 Night13:
[2, 0, 0, 1, 0, 3, 0, 0, 1, 2, 2, 0, 3, 0, 0, 3, 0, 2, 3, 3, 0, 0, 0, 3, 0, 0, 3, 0, 1, 3, 3, 0, 0, 2, 0, 0, 3, 0, 0, 3, 3, 3]
Nurse 6,	 BioType 6:	 Off:20,	 Day:12,	 Eve4,	 Night6:
[1, 0, 2, 0, 1, 2, 3, 0, 0, 3, 0, 0, 1, 3, 0, 2, 3, 3, 0, 0, 1, 0, 1, 0, 1, 0, 1, 0, 0, 1, 1, 1, 0, 2, 0, 0, 0, 1, 0, 1, 3, 0]
Nurse 7,	 BioType 7:	 Off:20,	 Day:3,	 Eve13,	 Night6:
[0, 3, 0, 2, 0, 0, 2, 2, 2, 0, 2, 2, 3, 0, 0, 0, 1, 2, 0, 1, 2, 0, 2, 0, 0, 2, 3, 0, 1, 0, 0, 0, 2, 2, 0, 3, 0, 0, 3, 3, 0, 2]
Nurse 8,	 BioType 8:	 Off:19,	 Day:9,	 Eve6,	 Night8:
[0, 1, 3, 3, 0, 1, 0, 0, 1, 0, 1, 1, 2, 0, 1, 0, 0, 1, 1, 0, 3, 3, 3, 0, 0, 1, 2, 0, 3, 0, 2, 2, 0, 0, 3, 0, 0, 3, 0, 2, 2, 0]
Nurse 9,	 BioType 9:	 Off:18,	 Day:7,	 Eve12,	 Night5:
[1, 0, 2, 2, 3, 0, 2, 3, 3, 0, 0, 2, 0, 2, 2, 0, 1, 0, 0, 1, 0, 0, 1, 0, 3, 0, 2, 0, 1, 1, 0, 0, 1, 0, 2, 2, 2, 2, 2, 0, 0, 3]
Nurse 10,	 BioType 1:	 Off:20,	 Day:12,	 Eve4,	 Night6:
[1, 1, 1, 0, 0, 3, 0, 2, 2, 0, 1, 1, 3, 0, 0, 2, 0, 1, 0, 1, 1, 0, 0, 1, 0, 1, 0, 2, 0, 0, 3, 0, 0, 1, 0, 3, 0, 0, 0, 1, 3, 3]
Nurse 11,	 BioType 2:	 Off:19,	 Day:9,	 Eve8,	 Night6:
[0, 3, 0, 1, 1, 1, 0, 0, 1, 0, 2, 3, 0, 2, 2, 0, 0, 1, 0, 1, 0, 1, 2, 0, 3, 0, 0, 1, 2, 2, 0, 0, 3, 3, 0, 2, 0, 0, 1, 2, 0, 3]
Nurse 12,	 BioType 3:	 Off:20,	 Day:8,	 Eve7,	 Night7:
[3, 0, 2, 0, 0, 1, 0, 1, 0, 3, 3, 0, 0, 2, 0, 1, 2, 0, 1, 1, 1, 0, 0, 2, 0, 2, 0, 3, 0, 2, 3, 0, 0, 0, 1, 0, 1, 0, 3, 0, 2, 3]
Nurse 13,	 BioType 4:	 Off:19,	 Day:10,	 Eve8,	 Night5:
[0, 0, 0, 2, 2, 2, 0, 3, 0, 1, 2, 0, 0, 1, 1, 2, 0, 1, 1, 0, 1, 0, 0, 1, 2, 3, 3, 0, 1, 0, 0, 1, 1, 0, 2, 3, 0, 0, 3, 0, 0, 2]
Nurse 14,	 BioType 5:	 Off:20,	 Day:4,	 Eve9,	 Night9:
[0, 0, 0, 2, 0, 0, 2, 0, 1, 2, 3, 3, 0, 2, 0, 0, 1, 3, 0, 0, 2, 0, 3, 0, 2, 0, 3, 3, 0, 0, 2, 2, 2, 0, 1, 0, 0, 1, 3, 3, 3, 0]
Nurse 15,	 BioType 6:	 Off:18,	 Day:4,	 Eve17,	 Night3:
[0, 2, 2, 0, 2, 0, 3, 0, 0, 2, 0, 2, 0, 1, 2, 2, 3, 0, 0, 0, 1, 1, 2, 2, 2, 0, 0, 2, 2, 0, 1, 2, 0, 2, 0, 0, 2, 2, 3, 0, 2, 0]
Nurse 16,	 BioType 7:	 Off:19,	 Day:3,	 Eve14,	 Night6:
[0, 2, 0, 2, 3, 0, 2, 0, 0, 1, 0, 0, 3, 0, 2, 2, 0, 2, 2, 3, 0, 0, 2, 2, 2, 2, 2, 0, 0, 3, 0, 1, 0, 2, 0, 0, 3, 0, 2, 0, 1, 3]
Nurse 17,	 BioType 8:	 Off:19,	 Day:10,	 Eve8,	 Night5:
[1, 3, 3, 0, 1, 0, 1, 0, 2, 0, 0, 1, 1, 1, 0, 1, 1, 0, 0, 0, 3, 0, 2, 0, 0, 2, 0, 1, 2, 0, 0, 0, 2, 3, 0, 1, 2, 0, 2, 2, 3, 0]
Nurse 18,	 BioType 9:	 Off:20,	 Day:7,	 Eve7,	 Night8:
[2, 2, 0, 0, 0, 2, 0, 1, 0, 1, 0, 3, 0, 2, 0, 0, 0, 1, 0, 3, 0, 2, 0, 3, 0, 0, 1, 2, 3, 3, 3, 0, 0, 1, 0, 0, 1, 0, 1, 2, 3, 3]
Nurse 19,	 BioType 1:	 Off:19,	 Day:14,	 Eve4,	 Night5:
[3, 0, 1, 0, 0, 1, 1, 1, 3, 0, 1, 0, 0, 1, 1, 0, 0, 0, 1, 3, 3, 3, 0, 0, 0, 1, 0, 1, 2, 0, 0, 0, 1, 0, 1, 1, 1, 2, 0, 2, 0, 2]
Nurse 20,	 BioType 2:	 Off:19,	 Day:9,	 Eve6,	 Night8:
[0, 0, 1, 0, 2, 0, 3, 0, 0, 1, 1, 0, 3, 0, 0, 3, 0, 0, 2, 0, 1, 1, 1, 0, 1, 3, 3, 0, 0, 0, 3, 3, 3, 0, 2, 2, 2, 0, 0, 1, 1, 2]
Nurse 21,	 BioType 3:	 Off:19,	 Day:8,	 Eve12,	 Night3:
[0, 1, 0, 0, 3, 0, 1, 0, 0, 2, 2, 0, 2, 2, 2, 0, 3, 0, 0, 1, 1, 2, 3, 0, 2, 0, 1, 0, 0, 1, 2, 0, 1, 0, 1, 0, 0, 2, 2, 2, 0, 2]
Nurse 22,	 BioType 4:	 Off:20,	 Day:7,	 Eve9,	 Night6:
[2, 2, 3, 0, 0, 3, 0, 0, 0, 1, 3, 0, 1, 0, 3, 0, 2, 0, 0, 3, 0, 1, 1, 2, 0, 0, 1, 2, 2, 2, 0, 1, 0, 0, 2, 2, 0, 3, 0, 0, 1, 0]
Nurse 23,	 BioType 5:	 Off:20,	 Day:5,	 Eve11,	 Night6:
[0, 3, 0, 1, 2, 0, 2, 2, 0, 0, 3, 0, 1, 0, 1, 0, 2, 0, 0, 3, 0, 0, 1, 2, 0, 1, 3, 0, 0, 2, 2, 0, 2, 0, 3, 0, 0, 2, 0, 2, 2, 3]
Nurse 24,	 BioType 6:	 Off:19,	 Day:10,	 Eve9,	 Night4:
[1, 1, 0, 1, 1, 2, 0, 2, 2, 0, 0, 1, 1, 0, 3, 0, 2, 3, 0, 2, 2, 0, 0, 0, 1, 3, 0, 1, 0, 0, 0, 2, 2, 0, 1, 2, 0, 1, 0, 0, 0, 3]
Nurse 25,	 BioType 7:	 Off:19,	 Day:9,	 Eve8,	 Night6:
[2, 0, 2, 0, 1, 2, 0, 3, 3, 3, 0, 0, 0, 3, 0, 1, 2, 3, 3, 0, 2, 0, 0, 1, 1, 0, 1, 0, 1, 1, 2, 0, 0, 2, 0, 0, 1, 0, 2, 0, 0, 1]
Nurse 26,	 BioType 8:	 Off:18,	 Day:12,	 Eve10,	 Night2:
[1, 0, 0, 2, 0, 1, 0, 1, 2, 2, 0, 0, 2, 0, 1, 0, 0, 2, 2, 2, 2, 2, 0, 0, 1, 1, 0, 3, 0, 0, 1, 3, 0, 1, 1, 1, 0, 0, 1, 2, 0, 1]
Nurse 27,	 BioType 9:	 Off:18,	 Day:12,	 Eve11,	 Night1:
[3, 0, 1, 0, 2, 2, 0, 1, 1, 0, 0, 1, 0, 1, 0, 0, 1, 0, 2, 2, 0, 1, 1, 0, 0, 0, 0, 1, 2, 0, 2, 2, 2, 0, 2, 0, 0, 1, 1, 1, 2, 2]
Nurse 28,	 BioType 1:	 Off:18,	 Day:10,	 Eve10,	 Night4:
[0, 1, 2, 3, 3, 0, 1, 1, 0, 0, 2, 2, 2, 0, 2, 3, 0, 0, 0, 2, 0, 2, 0, 1, 0, 2, 2, 0, 0, 1, 0, 1, 1, 1, 3, 0, 2, 0, 0, 1, 0, 1]
Nurse 29,	 BioType 1:	 Off:18,	 Day:15,	 Eve8,	 Night1:
[2, 0, 1, 1, 1, 1, 0, 0, 1, 2, 0, 0, 1, 0, 0, 0, 1, 1, 1, 2, 0, 2, 2, 0, 0, 2, 2, 0, 0, 0, 1, 2, 0, 1, 0, 1, 1, 3, 0, 0, 1, 1]
Nurse 30,	 BioType 1:	 Off:19,	 Day:11,	 Eve10,	 Night2:
[1, 0, 2, 0, 0, 0, 2, 2, 0, 1, 0, 0, 2, 0, 1, 1, 0, 0, 2, 2, 2, 2, 0, 3, 0, 0, 1, 2, 0, 2, 0, 3, 0, 0, 1, 1, 1, 0, 1, 0, 1, 1]
Initial SATISFY solution found.
Starting phase 2......
Runtime: 1 mins0secs
0	 Avg ind max fatigue: 548	 Max fatigue: 664 [[18],[32]],	 Obj.func.: 664	 Time: 21
nShift
Nurse 1,	 BioType 1:	 Off:18,	 Day:13,	 Eve5,	 Night6:
[0, 1, 1, 1, 0, 2, 0, 3, 0, 0, 1, 1, 0, 1, 0, 2, 0, 0, 1, 2, 0, 1, 1, 3, 3, 0, 0, 2, 0, 2, 3, 0, 0, 1, 0, 1, 3, 0, 1, 1, 0, 3]
Nurse 2,	 BioType 2:	 Off:17,	 Day:13,	 Eve11,	 Night1:
[0, 1, 1, 1, 2, 2, 0, 0, 2, 2, 0, 2, 2, 0, 0, 1, 0, 2, 2, 0, 1, 0, 0, 1, 1, 1, 0, 1, 0, 0, 1, 0, 1, 3, 0, 0, 2, 2, 2, 0, 1, 1]
Nurse 3,	 BioType 3:	 Off:19,	 Day:12,	 Eve9,	 Night2:
[1, 2, 0, 0, 1, 1, 1, 2, 0, 1, 1, 0, 0, 2, 0, 1, 1, 2, 3, 0, 2, 0, 0, 2, 0, 0, 2, 0, 1, 1, 1, 0, 0, 0, 2, 0, 0, 1, 2, 0, 0, 3]
Nurse 4,	 BioType 4:	 Off:19,	 Day:7,	 Eve8,	 Night8:
[2, 2, 0, 3, 0, 1, 1, 0, 1, 0, 0, 2, 3, 3, 3, 0, 2, 0, 0, 0, 1, 3, 0, 1, 2, 0, 0, 2, 3, 0, 0, 1, 3, 3, 0, 2, 0, 1, 0, 0, 2, 0]
Nurse 5,	 BioType 5:	 Off:21,	 Day:3,	 Eve5,	 Night13:
[2, 0, 0, 1, 0, 3, 0, 0, 1, 2, 2, 0, 3, 0, 0, 3, 0, 2, 3, 3, 0, 0, 0, 3, 0, 0, 3, 0, 1, 3, 3, 0, 0, 2, 0, 0, 3, 0, 0, 3, 3, 3]
Nurse 6,	 BioType 6:	 Off:20,	 Day:12,	 Eve4,	 Night6:
[1, 0, 2, 0, 1, 2, 3, 0, 0, 3, 0, 0, 1, 3, 0, 2, 3, 3, 0, 0, 1, 0, 1, 0, 1, 0, 1, 0, 0, 1, 1, 1, 0, 2, 0, 0, 0, 1, 0, 1, 3, 0]
Nurse 7,	 BioType 7:	 Off:20,	 Day:3,	 Eve13,	 Night6:
[0, 3, 0, 2, 0, 0, 2, 2, 2, 0, 2, 2, 3, 0, 0, 0, 1, 2, 0, 1, 2, 0, 2, 0, 0, 2, 3, 0, 1, 0, 0, 0, 2, 2, 0, 3, 0, 0, 3, 3, 0, 2]
Nurse 8,	 BioType 8:	 Off:19,	 Day:9,	 Eve6,	 Night8:
[0, 1, 3, 3, 0, 1, 0, 0, 1, 0, 1, 1, 2, 0, 1, 0, 0, 1, 1, 0, 3, 3, 3, 0, 0, 1, 2, 0, 3, 0, 2, 2, 0, 0, 3, 0, 0, 3, 0, 2, 2, 0]
Nurse 9,	 BioType 9:	 Off:18,	 Day:7,	 Eve12,	 Night5:
[1, 0, 2, 2, 3, 0, 2, 3, 3, 0, 0, 2, 0, 2, 2, 0, 1, 0, 0, 1, 0, 0, 1, 0, 3, 0, 2, 0, 1, 1, 0, 0, 1, 0, 2, 2, 2, 2, 2, 0, 0, 3]
Nurse 10,	 BioType 1:	 Off:20,	 Day:12,	 Eve4,	 Night6:
[1, 1, 1, 0, 0, 3, 0, 2, 2, 0, 1, 1, 3, 0, 0, 2, 0, 1, 0, 1, 1, 0, 0, 1, 0, 1, 0, 2, 0, 0, 3, 0, 0, 1, 0, 3, 0, 0, 0, 1, 3, 3]
Nurse 11,	 BioType 2:	 Off:19,	 Day:9,	 Eve8,	 Night6:
[0, 3, 0, 1, 1, 1, 0, 0, 1, 0, 2, 3, 0, 2, 2, 0, 0, 1, 0, 1, 0, 1, 2, 0, 3, 0, 0, 1, 2, 2, 0, 0, 3, 3, 0, 2, 0, 0, 1, 2, 0, 3]
Nurse 12,	 BioType 3:	 Off:20,	 Day:8,	 Eve7,	 Night7:
[3, 0, 2, 0, 0, 1, 0, 1, 0, 3, 3, 0, 0, 2, 0, 1, 2, 0, 1, 1, 1, 0, 0, 2, 0, 2, 0, 3, 0, 2, 3, 0, 0, 0, 1, 0, 1, 0, 3, 0, 2, 3]
Nurse 13,	 BioType 4:	 Off:19,	 Day:10,	 Eve8,	 Night5:
[0, 0, 0, 2, 2, 2, 0, 3, 0, 1, 2, 0, 0, 1, 1, 2, 0, 1, 1, 0, 1, 0, 0, 1, 2, 3, 3, 0, 1, 0, 0, 1, 1, 0, 2, 3, 0, 0, 3, 0, 0, 2]
Nurse 14,	 BioType 5:	 Off:20,	 Day:4,	 Eve9,	 Night9:
[0, 0, 0, 2, 0, 0, 2, 0, 1, 2, 3, 3, 0, 2, 0, 0, 1, 3, 0, 0, 2, 0, 3, 0, 2, 0, 3, 3, 0, 0, 2, 2, 2, 0, 1, 0, 0, 1, 3, 3, 3, 0]
Nurse 15,	 BioType 6:	 Off:18,	 Day:4,	 Eve17,	 Night3:
[0, 2, 2, 0, 2, 0, 3, 0, 0, 2, 0, 2, 0, 1, 2, 2, 3, 0, 0, 0, 1, 1, 2, 2, 2, 0, 0, 2, 2, 0, 1, 2, 0, 2, 0, 0, 2, 2, 3, 0, 2, 0]
Nurse 16,	 BioType 7:	 Off:19,	 Day:3,	 Eve14,	 Night6:
[0, 2, 0, 2, 3, 0, 2, 0, 0, 1, 0, 0, 3, 0, 2, 2, 0, 2, 2, 3, 0, 0, 2, 2, 2, 2, 2, 0, 0, 3, 0, 1, 0, 2, 0, 0, 3, 0, 2, 0, 1, 3]
Nurse 17,	 BioType 8:	 Off:19,	 Day:10,	 Eve8,	 Night5:
[1, 3, 3, 0, 1, 0, 1, 0, 2, 0, 0, 1, 1, 1, 0, 1, 1, 0, 0, 0, 3, 0, 2, 0, 0, 2, 0, 1, 2, 0, 0, 0, 2, 3, 0, 1, 2, 0, 2, 2, 3, 0]
Nurse 18,	 BioType 9:	 Off:20,	 Day:7,	 Eve7,	 Night8:
[2, 2, 0, 0, 0, 2, 0, 1, 0, 1, 0, 3, 0, 2, 0, 0, 0, 1, 0, 3, 0, 2, 0, 3, 0, 0, 1, 2, 3, 3, 3, 0, 0, 1, 0, 0, 1, 0, 1, 2, 3, 3]
Nurse 19,	 BioType 1:	 Off:19,	 Day:14,	 Eve4,	 Night5:
[3, 0, 1, 0, 0, 1, 1, 1, 3, 0, 1, 0, 0, 1, 1, 0, 0, 0, 1, 3, 3, 3, 0, 0, 0, 1, 0, 1, 2, 0, 0, 0, 1, 0, 1, 1, 1, 2, 0, 2, 0, 2]
Nurse 20,	 BioType 2:	 Off:19,	 Day:9,	 Eve6,	 Night8:
[0, 0, 1, 0, 2, 0, 3, 0, 0, 1, 1, 0, 3, 0, 0, 3, 0, 0, 2, 0, 1, 1, 1, 0, 1, 3, 3, 0, 0, 0, 3, 3, 3, 0, 2, 2, 2, 0, 0, 1, 1, 2]
Nurse 21,	 BioType 3:	 Off:19,	 Day:8,	 Eve12,	 Night3:
[0, 1, 0, 0, 3, 0, 1, 0, 0, 2, 2, 0, 2, 2, 2, 0, 3, 0, 0, 1, 1, 2, 3, 0, 2, 0, 1, 0, 0, 1, 2, 0, 1, 0, 1, 0, 0, 2, 2, 2, 0, 2]
Nurse 22,	 BioType 4:	 Off:20,	 Day:7,	 Eve9,	 Night6:
[2, 2, 3, 0, 0, 3, 0, 0, 0, 1, 3, 0, 1, 0, 3, 0, 2, 0, 0, 3, 0, 1, 1, 2, 0, 0, 1, 2, 2, 2, 0, 1, 0, 0, 2, 2, 0, 3, 0, 0, 1, 0]
Nurse 23,	 BioType 5:	 Off:20,	 Day:5,	 Eve11,	 Night6:
[0, 3, 0, 1, 2, 0, 2, 2, 0, 0, 3, 0, 1, 0, 1, 0, 2, 0, 0, 3, 0, 0, 1, 2, 0, 1, 3, 0, 0, 2, 2, 0, 2, 0, 3, 0, 0, 2, 0, 2, 2, 3]
Nurse 24,	 BioType 6:	 Off:19,	 Day:10,	 Eve9,	 Night4:
[1, 1, 0, 1, 1, 2, 0, 2, 2, 0, 0, 1, 1, 0, 3, 0, 2, 3, 0, 2, 2, 0, 0, 0, 1, 3, 0, 1, 0, 0, 0, 2, 2, 0, 1, 2, 0, 1, 0, 0, 0, 3]
Nurse 25,	 BioType 7:	 Off:19,	 Day:9,	 Eve8,	 Night6:
[2, 0, 2, 0, 1, 2, 0, 3, 3, 3, 0, 0, 0, 3, 0, 1, 2, 3, 3, 0, 2, 0, 0, 1, 1, 0, 1, 0, 1, 1, 2, 0, 0, 2, 0, 0, 1, 0, 2, 0, 0, 1]
Nurse 26,	 BioType 8:	 Off:18,	 Day:12,	 Eve10,	 Night2:
[1, 0, 0, 2, 0, 1, 0, 1, 2, 2, 0, 0, 2, 0, 1, 0, 0, 2, 2, 2, 2, 2, 0, 0, 1, 1, 0, 3, 0, 0, 1, 3, 0, 1, 1, 1, 0, 0, 1, 2, 0, 1]
Nurse 27,	 BioType 9:	 Off:18,	 Day:12,	 Eve11,	 Night1:
[3, 0, 1, 0, 2, 2, 0, 1, 1, 0, 0, 1, 0, 1, 0, 0, 1, 0, 2, 2, 0, 1, 1, 0, 0, 0, 0, 1, 2, 0, 2, 2, 2, 0, 2, 0, 0, 1, 1, 1, 2, 2]
Nurse 28,	 BioType 1:	 Off:18,	 Day:10,	 Eve10,	 Night4:
[0, 1, 2, 3, 3, 0, 1, 1, 0, 0, 2, 2, 2, 0, 2, 3, 0, 0, 0, 2, 0, 2, 0, 1, 0, 2, 2, 0, 0, 1, 0, 1, 1, 1, 3, 0, 2, 0, 0, 1, 0, 1]
Nurse 29,	 BioType 1:	 Off:18,	 Day:15,	 Eve8,	 Night1:
[2, 0, 1, 1, 1, 1, 0, 0, 1, 2, 0, 0, 1, 0, 0, 0, 1, 1, 1, 2, 0, 2, 2, 0, 0, 2, 2, 0, 0, 0, 1, 2, 0, 1, 0, 1, 1, 3, 0, 0, 1, 1]
Nurse 30,	 BioType 1:	 Off:19,	 Day:11,	 Eve10,	 Night2:
[1, 0, 2, 0, 0, 0, 2, 2, 0, 1, 0, 0, 2, 0, 1, 1, 0, 0, 2, 2, 2, 2, 0, 3, 0, 0, 1, 2, 0, 2, 0, 3, 0, 0, 1, 1, 1, 0, 1, 0, 1, 1]

score
Nurse 1,	 BioType 1, 	 Worst score: 590, 	 #times: 1:
[390, 390, 390, 390, 390, 427, 427, 444, 487, 466, 396, 391, 390, 390, 390, 427, 427, 392, 389, 427, 427, 392, 389, 450, 559, 590, 442, 428, 436, 421, 443, 493, 468, 396, 391, 390, 450, 488, 466, 396, 391, 450]
Nurse 2,	 BioType 2, 	 Worst score: 408, 	 #times: 2:
[355, 355, 355, 355, 355, 355, 355, 355, 355, 355, 355, 355, 355, 355, 355, 355, 355, 355, 355, 355, 355, 355, 355, 355, 355, 355, 355, 355, 355, 355, 355, 355, 355, 355, 408, 408, 358, 356, 355, 355, 355, 355]
Nurse 3,	 BioType 3, 	 Worst score: 599, 	 #times: 1:
[435, 516, 516, 442, 435, 435, 435, 516, 516, 442, 439, 435, 435, 516, 516, 442, 439, 516, 527, 599, 462, 508, 447, 494, 516, 442, 494, 516, 442, 439, 435, 435, 435, 435, 516, 516, 442, 435, 516, 516, 442, 518]
Nurse 4,	 BioType 4, 	 Worst score: 561, 	 #times: 1:
[473, 476, 471, 476, 488, 437, 395, 395, 394, 394, 394, 473, 488, 556, 561, 539, 517, 490, 394, 393, 394, 469, 481, 437, 477, 465, 394, 465, 488, 501, 453, 395, 465, 542, 544, 511, 490, 394, 393, 394, 473, 461]
Nurse 5,	 BioType 5, 	 Worst score: 502, 	 #times: 1:
[383, 372, 357, 357, 357, 396, 417, 383, 357, 387, 384, 375, 393, 416, 383, 399, 418, 399, 404, 491, 496, 397, 357, 398, 417, 383, 399, 418, 383, 399, 484, 490, 397, 391, 374, 357, 395, 417, 383, 399, 484, 502]
Nurse 6,	 BioType 6, 	 Worst score: 601, 	 #times: 1:
[441, 441, 559, 550, 442, 547, 550, 566, 477, 509, 527, 475, 445, 510, 527, 599, 583, 591, 601, 464, 447, 442, 441, 441, 441, 441, 441, 441, 441, 441, 441, 441, 441, 559, 550, 442, 439, 441, 441, 441, 515, 527]
Nurse 7,	 BioType 7, 	 Worst score: 553, 	 #times: 1:
[383, 383, 482, 409, 385, 381, 383, 383, 383, 383, 383, 383, 383, 482, 409, 385, 381, 396, 386, 384, 396, 386, 384, 383, 383, 383, 383, 482, 409, 408, 387, 384, 383, 383, 383, 383, 482, 409, 385, 479, 553, 405]
Nurse 8,	 BioType 8, 	 Worst score: 527, 	 #times: 2:
[355, 355, 356, 426, 527, 387, 366, 355, 355, 356, 355, 356, 356, 355, 355, 356, 355, 355, 356, 356, 355, 426, 527, 499, 375, 356, 355, 355, 355, 395, 399, 357, 355, 355, 355, 395, 399, 357, 395, 399, 357, 355]
Nurse 9,	 BioType 9, 	 Worst score: 664, 	 #times: 1:
[433, 433, 486, 504, 493, 598, 456, 505, 611, 664, 455, 523, 518, 449, 478, 493, 438, 440, 433, 433, 433, 433, 433, 433, 509, 583, 469, 505, 445, 440, 433, 433, 433, 433, 486, 504, 493, 467, 467, 467, 438, 474]
Nurse 10,	 BioType 1, 	 Worst score: 559, 	 #times: 1:
[390, 390, 390, 390, 390, 450, 488, 466, 455, 435, 391, 389, 450, 488, 466, 435, 436, 392, 389, 390, 390, 390, 390, 390, 390, 390, 390, 427, 427, 392, 446, 488, 466, 396, 391, 450, 488, 466, 396, 391, 450, 559]
Nurse 11,	 BioType 2, 	 Worst score: 535, 	 #times: 1:
[355, 355, 408, 408, 358, 356, 355, 355, 355, 355, 355, 355, 408, 408, 358, 356, 355, 355, 355, 355, 355, 355, 355, 355, 355, 408, 408, 358, 356, 355, 355, 355, 355, 491, 535, 438, 366, 356, 355, 355, 355, 355]
Nurse 12,	 BioType 3, 	 Worst score: 634, 	 #times: 1:
[529, 569, 506, 508, 447, 435, 435, 435, 435, 529, 569, 634, 453, 517, 529, 442, 502, 516, 442, 439, 435, 435, 435, 516, 516, 491, 495, 514, 581, 506, 508, 605, 462, 439, 436, 435, 435, 435, 529, 569, 506, 508]
Nurse 13,	 BioType 4, 	 Worst score: 561, 	 #times: 1:
[394, 394, 394, 473, 476, 471, 462, 476, 488, 437, 477, 465, 394, 393, 394, 473, 461, 394, 393, 394, 394, 394, 394, 394, 473, 488, 556, 561, 434, 397, 395, 394, 394, 394, 473, 488, 501, 453, 467, 480, 437, 477]
Nurse 14,	 BioType 5, 	 Worst score: 503, 	 #times: 1:
[357, 357, 357, 383, 372, 357, 381, 372, 357, 381, 400, 492, 496, 409, 392, 357, 357, 396, 417, 383, 387, 374, 395, 416, 399, 385, 396, 489, 490, 397, 391, 388, 379, 372, 356, 357, 357, 357, 396, 487, 502, 503]
Nurse 15,	 BioType 6, 	 Worst score: 589, 	 #times: 2:
[441, 559, 563, 562, 528, 541, 526, 543, 475, 572, 557, 544, 541, 442, 547, 563, 562, 589, 477, 445, 442, 441, 559, 563, 562, 541, 449, 547, 563, 562, 449, 547, 550, 544, 541, 442, 547, 563, 562, 589, 554, 583]
Nurse 16,	 BioType 7, 	 Worst score: 482, 	 #times: 5:
[383, 383, 383, 383, 383, 482, 409, 385, 381, 383, 396, 386, 384, 482, 409, 385, 381, 383, 383, 383, 482, 409, 385, 381, 383, 383, 383, 383, 383, 383, 482, 409, 408, 387, 384, 383, 383, 482, 409, 385, 381, 396]
Nurse 17,	 BioType 8, 	 Worst score: 527, 	 #times: 1:
[355, 356, 426, 527, 387, 366, 355, 356, 355, 355, 355, 355, 356, 356, 356, 355, 356, 356, 355, 355, 355, 395, 399, 357, 355, 355, 355, 355, 356, 355, 355, 355, 355, 355, 395, 399, 359, 355, 355, 355, 355, 395]
Nurse 18,	 BioType 9, 	 Worst score: 664, 	 #times: 2:
[486, 504, 493, 438, 432, 486, 504, 441, 440, 433, 433, 509, 583, 469, 505, 445, 432, 433, 433, 509, 583, 469, 505, 482, 584, 469, 439, 498, 504, 602, 664, 664, 459, 437, 434, 433, 433, 433, 433, 486, 504, 602]
Nurse 19,	 BioType 1, 	 Worst score: 590, 	 #times: 2:
[450, 488, 466, 396, 391, 390, 390, 390, 450, 488, 466, 396, 391, 390, 390, 390, 390, 390, 390, 450, 559, 590, 590, 437, 395, 391, 390, 390, 427, 427, 392, 389, 390, 390, 390, 390, 390, 427, 427, 421, 421, 421]
Nurse 20,	 BioType 2, 	 Worst score: 564, 	 #times: 1:
[355, 355, 355, 355, 355, 355, 355, 408, 408, 358, 356, 355, 355, 408, 408, 363, 409, 408, 358, 356, 355, 355, 355, 355, 355, 355, 491, 535, 438, 361, 361, 491, 535, 564, 407, 366, 356, 355, 355, 355, 355, 355]
Nurse 21,	 BioType 3, 	 Worst score: 599, 	 #times: 1:
[435, 435, 435, 435, 529, 569, 473, 448, 436, 516, 516, 509, 467, 495, 509, 486, 490, 581, 473, 439, 436, 516, 527, 599, 462, 508, 447, 439, 435, 435, 516, 516, 442, 439, 435, 435, 435, 516, 516, 509, 486, 467]
Nurse 22,	 BioType 4, 	 Worst score: 506, 	 #times: 1:
[473, 476, 487, 506, 453, 467, 480, 437, 395, 395, 469, 481, 437, 395, 465, 481, 497, 483, 394, 475, 481, 437, 395, 477, 461, 394, 393, 473, 476, 471, 462, 393, 393, 394, 473, 476, 471, 476, 488, 437, 395, 395]
Nurse 23,	 BioType 5, 	 Worst score: 417, 	 #times: 4:
[357, 396, 417, 383, 387, 374, 379, 380, 375, 356, 395, 417, 383, 357, 357, 357, 383, 372, 357, 395, 417, 383, 357, 387, 372, 357, 395, 417, 383, 387, 388, 375, 377, 370, 395, 416, 383, 387, 374, 379, 380, 396]
Nurse 24,	 BioType 6, 	 Worst score: 599, 	 #times: 1:
[441, 441, 441, 441, 441, 559, 550, 544, 547, 562, 449, 439, 441, 441, 515, 527, 599, 583, 562, 554, 583, 578, 449, 439, 441, 515, 527, 475, 445, 442, 441, 559, 563, 562, 449, 547, 550, 442, 439, 441, 441, 515]
Nurse 25,	 BioType 7, 	 Worst score: 553, 	 #times: 2:
[383, 383, 383, 383, 383, 396, 386, 384, 482, 553, 528, 400, 384, 381, 482, 409, 408, 387, 483, 553, 405, 384, 381, 383, 396, 396, 386, 395, 386, 395, 396, 386, 384, 383, 383, 383, 383, 396, 386, 384, 383, 383]
Nurse 26,	 BioType 8, 	 Worst score: 399, 	 #times: 2:
[355, 356, 355, 355, 355, 355, 356, 355, 356, 355, 355, 355, 355, 355, 355, 356, 355, 355, 355, 355, 355, 355, 355, 355, 355, 356, 356, 355, 395, 399, 357, 355, 395, 399, 359, 355, 356, 355, 355, 356, 355, 355]
Nurse 27,	 BioType 9, 	 Worst score: 583, 	 #times: 1:
[509, 583, 469, 447, 498, 504, 493, 438, 440, 433, 433, 433, 433, 433, 433, 433, 433, 433, 486, 504, 493, 438, 440, 433, 433, 433, 433, 433, 486, 504, 449, 478, 493, 467, 438, 478, 441, 435, 433, 433, 486, 504]
Nurse 28,	 BioType 1, 	 Worst score: 597, 	 #times: 1:
[390, 390, 427, 448, 559, 597, 442, 395, 391, 390, 427, 427, 425, 419, 416, 443, 493, 468, 396, 433, 427, 421, 421, 392, 389, 427, 427, 425, 391, 389, 390, 390, 390, 390, 450, 488, 466, 455, 395, 389, 390, 390]
Nurse 29,	 BioType 1, 	 Worst score: 488, 	 #times: 1:
[427, 427, 392, 389, 390, 390, 390, 390, 390, 427, 427, 392, 389, 390, 390, 390, 390, 390, 390, 427, 427, 421, 421, 425, 391, 422, 427, 425, 391, 389, 390, 427, 427, 392, 389, 390, 390, 450, 488, 466, 396, 391]
Nurse 30,	 BioType 1, 	 Worst score: 487, 	 #times: 2:
[390, 390, 427, 427, 392, 389, 427, 427, 425, 391, 389, 390, 427, 427, 392, 389, 390, 390, 427, 427, 425, 419, 419, 440, 487, 466, 396, 433, 427, 421, 421, 444, 487, 466, 396, 391, 390, 390, 390, 390, 390, 390]

FRE Evaluation of Solution found by LNS
--------
 Time: 354.2122790813446
============

