
===Parameters: nNurses 26, nDays 42, nBioInstance 18, LNStimes (mins) 1, 1, ===
---Change of Parameters: nNurses 26, nDays 42, nBioInstance 18, LNStimes (mins) 1, 1, ---

nShift
Nurse 1,	 BioType 1:	 Off:16,	 Day:10,	 Eve15,	 Night1:
[0, 1, 0, 1, 1, 2, 0, 0, 2, 2, 3, 0, 0, 2, 0, 1, 2, 2, 2, 0, 1, 0, 0, 1, 2, 0, 2, 2, 0, 1, 0, 0, 2, 2, 2, 2, 0, 2, 0, 1, 1, 1]
Nurse 2,	 BioType 1:	 Off:16,	 Day:17,	 Eve9,	 Night0:
[1, 2, 0, 2, 2, 2, 0, 2, 0, 0, 1, 1, 1, 1, 2, 0, 1, 0, 0, 1, 1, 0, 1, 0, 1, 1, 1, 0, 0, 1, 1, 1, 2, 2, 0, 1, 0, 0, 1, 0, 2, 0]
Nurse 3,	 BioType 1:	 Off:16,	 Day:15,	 Eve8,	 Night3:
[0, 1, 0, 0, 1, 0, 2, 2, 2, 2, 0, 0, 1, 0, 1, 1, 0, 1, 1, 1, 0, 0, 1, 1, 1, 2, 0, 1, 1, 0, 0, 2, 2, 2, 0, 3, 0, 1, 1, 3, 3, 0]
Nurse 4,	 BioType 1:	 Off:17,	 Day:9,	 Eve8,	 Night8:
[3, 0, 1, 3, 0, 1, 1, 2, 2, 0, 0, 2, 2, 0, 1, 2, 0, 0, 3, 0, 1, 3, 0, 1, 0, 0, 2, 0, 2, 0, 3, 0, 1, 1, 3, 0, 0, 0, 1, 2, 3, 3]
Nurse 5,	 BioType 1:	 Off:17,	 Day:14,	 Eve6,	 Night5:
[2, 3, 3, 0, 1, 1, 0, 2, 0, 0, 1, 0, 0, 1, 0, 1, 1, 2, 0, 0, 1, 1, 1, 3, 0, 1, 3, 0, 0, 1, 3, 0, 0, 0, 2, 0, 1, 0, 1, 1, 2, 2]
Nurse 6,	 BioType 1:	 Off:17,	 Day:12,	 Eve5,	 Night8:
[3, 0, 1, 0, 2, 3, 0, 0, 1, 1, 2, 0, 3, 3, 0, 0, 1, 1, 2, 0, 3, 0, 0, 1, 0, 1, 1, 1, 3, 3, 0, 0, 1, 2, 0, 1, 1, 0, 0, 3, 0, 2]
Nurse 7,	 BioType 1:	 Off:16,	 Day:2,	 Eve14,	 Night10:
[2, 3, 0, 2, 0, 0, 1, 3, 3, 3, 0, 2, 2, 0, 0, 2, 3, 3, 0, 0, 3, 0, 1, 2, 0, 2, 2, 3, 0, 0, 2, 2, 0, 0, 2, 2, 2, 3, 3, 0, 2, 0]
Nurse 8,	 BioType 1:	 Off:16,	 Day:9,	 Eve9,	 Night8:
[0, 1, 2, 2, 0, 0, 1, 3, 3, 0, 2, 2, 0, 1, 0, 0, 2, 2, 2, 2, 3, 3, 0, 0, 1, 1, 0, 1, 1, 0, 0, 1, 3, 0, 1, 0, 3, 3, 3, 0, 2, 0]
Nurse 9,	 BioType 1:	 Off:17,	 Day:11,	 Eve11,	 Night3:
[0, 0, 1, 2, 2, 0, 1, 1, 2, 2, 0, 0, 2, 2, 3, 3, 0, 1, 0, 0, 2, 2, 0, 1, 0, 0, 0, 1, 1, 1, 1, 0, 0, 1, 1, 0, 3, 0, 2, 2, 0, 2]
Nurse 10,	 BioType 1:	 Off:16,	 Day:7,	 Eve11,	 Night8:
[3, 3, 3, 0, 2, 2, 0, 1, 1, 0, 0, 3, 0, 1, 0, 0, 2, 2, 0, 2, 2, 2, 3, 0, 0, 1, 2, 0, 2, 2, 3, 0, 0, 2, 0, 3, 0, 1, 1, 0, 1, 3]
Nurse 11,	 BioType 1:	 Off:16,	 Day:6,	 Eve11,	 Night9:
[2, 0, 2, 3, 0, 1, 0, 3, 3, 0, 0, 1, 0, 2, 2, 3, 3, 3, 0, 0, 2, 2, 3, 3, 0, 0, 1, 2, 2, 0, 1, 0, 0, 1, 0, 1, 2, 2, 2, 0, 3, 0]
Nurse 12,	 BioType 1:	 Off:17,	 Day:11,	 Eve4,	 Night10:
[0, 2, 2, 3, 0, 1, 0, 0, 0, 3, 3, 0, 1, 3, 0, 0, 1, 1, 3, 3, 0, 0, 1, 2, 3, 3, 0, 1, 0, 0, 2, 3, 0, 0, 1, 1, 1, 1, 1, 0, 3, 0]
Nurse 13,	 BioType 1:	 Off:16,	 Day:12,	 Eve9,	 Night5:
[1, 2, 0, 1, 1, 0, 1, 1, 3, 0, 0, 2, 0, 3, 3, 0, 0, 1, 1, 1, 0, 1, 1, 2, 0, 0, 1, 0, 2, 2, 0, 3, 0, 0, 2, 2, 2, 2, 0, 1, 0, 3]
Nurse 14,	 BioType 1:	 Off:17,	 Day:12,	 Eve11,	 Night2:
[0, 2, 2, 0, 0, 2, 2, 0, 0, 1, 1, 1, 2, 2, 2, 0, 0, 1, 1, 2, 0, 1, 0, 0, 1, 3, 0, 1, 1, 2, 0, 0, 3, 0, 1, 1, 0, 2, 0, 2, 0, 1]
Nurse 15,	 BioType 1:	 Off:17,	 Day:11,	 Eve9,	 Night5:
[0, 0, 0, 1, 1, 2, 2, 2, 0, 0, 1, 3, 0, 2, 3, 0, 1, 0, 0, 1, 1, 3, 0, 0, 2, 2, 2, 0, 1, 0, 0, 1, 1, 3, 0, 1, 0, 3, 0, 1, 2, 2]
Nurse 16,	 BioType 1:	 Off:17,	 Day:20,	 Eve4,	 Night1:
[1, 1, 1, 0, 1, 2, 0, 0, 1, 1, 2, 2, 3, 0, 2, 0, 1, 0, 0, 0, 1, 1, 0, 0, 0, 1, 1, 1, 1, 0, 1, 0, 0, 1, 0, 1, 1, 1, 1, 0, 1, 0]
Nurse 17,	 BioType 1:	 Off:16,	 Day:10,	 Eve4,	 Night12:
[0, 0, 1, 2, 3, 3, 3, 0, 1, 0, 0, 0, 1, 1, 2, 3, 3, 0, 0, 2, 0, 1, 3, 0, 0, 2, 3, 3, 3, 0, 0, 1, 1, 3, 3, 3, 0, 1, 0, 1, 1, 0]
Nurse 18,	 BioType 1:	 Off:17,	 Day:7,	 Eve14,	 Night4:
[0, 1, 0, 1, 3, 3, 0, 0, 2, 3, 0, 1, 2, 0, 0, 1, 2, 0, 2, 0, 2, 2, 0, 0, 2, 2, 0, 1, 2, 3, 0, 2, 0, 0, 2, 2, 2, 0, 1, 2, 0, 1]
Nurse 19,	 BioType 2:	 Off:17,	 Day:9,	 Eve11,	 Night5:
[1, 1, 2, 0, 0, 0, 2, 0, 1, 1, 0, 3, 3, 0, 1, 1, 0, 0, 0, 1, 0, 2, 2, 3, 3, 0, 0, 2, 2, 2, 2, 2, 0, 0, 3, 0, 0, 1, 2, 0, 1, 2]
Nurse 20,	 BioType 2:	 Off:16,	 Day:2,	 Eve17,	 Night7:
[0, 2, 0, 3, 0, 0, 2, 2, 2, 2, 2, 0, 2, 0, 0, 2, 2, 3, 3, 3, 0, 0, 2, 2, 0, 0, 2, 2, 0, 2, 2, 3, 3, 3, 0, 0, 2, 2, 0, 1, 0, 1]
Nurse 21,	 BioType 2:	 Off:16,	 Day:10,	 Eve10,	 Night6:
[1, 1, 3, 0, 0, 0, 3, 0, 0, 2, 2, 2, 0, 1, 1, 2, 0, 0, 1, 3, 0, 0, 0, 1, 3, 3, 0, 2, 2, 2, 2, 0, 0, 1, 1, 1, 1, 0, 3, 0, 2, 2]
Nurse 22,	 BioType 4:	 Off:17,	 Day:10,	 Eve12,	 Night3:
[1, 0, 1, 2, 2, 3, 0, 1, 0, 0, 2, 0, 2, 2, 2, 0, 0, 2, 2, 0, 2, 2, 2, 0, 1, 0, 0, 3, 0, 1, 1, 1, 1, 3, 0, 0, 0, 1, 2, 0, 1, 0]
Nurse 23,	 BioType 4:	 Off:17,	 Day:5,	 Eve16,	 Night4:
[1, 2, 0, 1, 2, 0, 3, 0, 0, 2, 2, 0, 1, 2, 0, 2, 0, 0, 0, 0, 1, 0, 2, 2, 2, 2, 3, 0, 0, 3, 0, 0, 2, 2, 2, 2, 3, 0, 2, 2, 0, 1]
Nurse 24,	 BioType 5:	 Off:17,	 Day:9,	 Eve14,	 Night2:
[2, 2, 0, 1, 3, 3, 0, 1, 0, 0, 1, 1, 0, 1, 1, 0, 0, 0, 1, 2, 2, 0, 2, 2, 2, 0, 0, 2, 0, 1, 2, 2, 2, 2, 0, 0, 1, 2, 0, 0, 0, 2]
Nurse 25,	 BioType 6:	 Off:16,	 Day:16,	 Eve7,	 Night3:
[2, 0, 2, 3, 0, 1, 2, 0, 0, 1, 1, 1, 1, 0, 1, 2, 0, 0, 1, 1, 0, 1, 0, 0, 1, 1, 0, 1, 3, 0, 0, 1, 1, 1, 0, 2, 2, 0, 1, 3, 0, 2]
Nurse 26,	 BioType 7:	 Off:16,	 Day:12,	 Eve13,	 Night1:
[2, 0, 2, 0, 0, 1, 1, 1, 1, 1, 3, 0, 0, 2, 0, 1, 2, 2, 2, 2, 0, 0, 2, 0, 2, 0, 1, 0, 0, 1, 1, 2, 2, 0, 1, 1, 0, 0, 2, 2, 0, 1]
Initial SATISFY solution found.
Starting phase 2......
Runtime: 1 mins0secs
Iteration 0	 Avg ind max fatigue: 550	 Max fatigue: 599 [[25],[42]],	 Obj.func.: 599	 Time: 15
nShift
Nurse 1,	 BioType 1:	 Off:16,	 Day:10,	 Eve15,	 Night1:
[0, 1, 0, 1, 1, 2, 0, 0, 2, 2, 3, 0, 0, 2, 0, 1, 2, 2, 2, 0, 1, 0, 0, 1, 2, 0, 2, 2, 0, 1, 0, 0, 2, 2, 2, 2, 0, 2, 0, 1, 1, 1]
Nurse 2,	 BioType 1:	 Off:16,	 Day:17,	 Eve9,	 Night0:
[1, 2, 0, 2, 2, 2, 0, 2, 0, 0, 1, 1, 1, 1, 2, 0, 1, 0, 0, 1, 1, 0, 1, 0, 1, 1, 1, 0, 0, 1, 1, 1, 2, 2, 0, 1, 0, 0, 1, 0, 2, 0]
Nurse 3,	 BioType 1:	 Off:16,	 Day:15,	 Eve8,	 Night3:
[0, 1, 0, 0, 1, 0, 2, 2, 2, 2, 0, 0, 1, 0, 1, 1, 0, 1, 1, 1, 0, 0, 1, 1, 1, 2, 0, 1, 1, 0, 0, 2, 2, 2, 0, 3, 0, 1, 1, 3, 3, 0]
Nurse 4,	 BioType 1:	 Off:17,	 Day:9,	 Eve8,	 Night8:
[3, 0, 1, 3, 0, 1, 1, 2, 2, 0, 0, 2, 2, 0, 1, 2, 0, 0, 3, 0, 1, 3, 0, 1, 0, 0, 2, 0, 2, 0, 3, 0, 1, 1, 3, 0, 0, 0, 1, 2, 3, 3]
Nurse 5,	 BioType 1:	 Off:17,	 Day:14,	 Eve6,	 Night5:
[2, 3, 3, 0, 1, 1, 0, 2, 0, 0, 1, 0, 0, 1, 0, 1, 1, 2, 0, 0, 1, 1, 1, 3, 0, 1, 3, 0, 0, 1, 3, 0, 0, 0, 2, 0, 1, 0, 1, 1, 2, 2]
Nurse 6,	 BioType 1:	 Off:17,	 Day:12,	 Eve5,	 Night8:
[3, 0, 1, 0, 2, 3, 0, 0, 1, 1, 2, 0, 3, 3, 0, 0, 1, 1, 2, 0, 3, 0, 0, 1, 0, 1, 1, 1, 3, 3, 0, 0, 1, 2, 0, 1, 1, 0, 0, 3, 0, 2]
Nurse 7,	 BioType 1:	 Off:16,	 Day:2,	 Eve14,	 Night10:
[2, 3, 0, 2, 0, 0, 1, 3, 3, 3, 0, 2, 2, 0, 0, 2, 3, 3, 0, 0, 3, 0, 1, 2, 0, 2, 2, 3, 0, 0, 2, 2, 0, 0, 2, 2, 2, 3, 3, 0, 2, 0]
Nurse 8,	 BioType 1:	 Off:16,	 Day:9,	 Eve9,	 Night8:
[0, 1, 2, 2, 0, 0, 1, 3, 3, 0, 2, 2, 0, 1, 0, 0, 2, 2, 2, 2, 3, 3, 0, 0, 1, 1, 0, 1, 1, 0, 0, 1, 3, 0, 1, 0, 3, 3, 3, 0, 2, 0]
Nurse 9,	 BioType 1:	 Off:17,	 Day:11,	 Eve11,	 Night3:
[0, 0, 1, 2, 2, 0, 1, 1, 2, 2, 0, 0, 2, 2, 3, 3, 0, 1, 0, 0, 2, 2, 0, 1, 0, 0, 0, 1, 1, 1, 1, 0, 0, 1, 1, 0, 3, 0, 2, 2, 0, 2]
Nurse 10,	 BioType 1:	 Off:16,	 Day:7,	 Eve11,	 Night8:
[3, 3, 3, 0, 2, 2, 0, 1, 1, 0, 0, 3, 0, 1, 0, 0, 2, 2, 0, 2, 2, 2, 3, 0, 0, 1, 2, 0, 2, 2, 3, 0, 0, 2, 0, 3, 0, 1, 1, 0, 1, 3]
Nurse 11,	 BioType 1:	 Off:16,	 Day:6,	 Eve11,	 Night9:
[2, 0, 2, 3, 0, 1, 0, 3, 3, 0, 0, 1, 0, 2, 2, 3, 3, 3, 0, 0, 2, 2, 3, 3, 0, 0, 1, 2, 2, 0, 1, 0, 0, 1, 0, 1, 2, 2, 2, 0, 3, 0]
Nurse 12,	 BioType 1:	 Off:17,	 Day:11,	 Eve4,	 Night10:
[0, 2, 2, 3, 0, 1, 0, 0, 0, 3, 3, 0, 1, 3, 0, 0, 1, 1, 3, 3, 0, 0, 1, 2, 3, 3, 0, 1, 0, 0, 2, 3, 0, 0, 1, 1, 1, 1, 1, 0, 3, 0]
Nurse 13,	 BioType 1:	 Off:16,	 Day:12,	 Eve9,	 Night5:
[1, 2, 0, 1, 1, 0, 1, 1, 3, 0, 0, 2, 0, 3, 3, 0, 0, 1, 1, 1, 0, 1, 1, 2, 0, 0, 1, 0, 2, 2, 0, 3, 0, 0, 2, 2, 2, 2, 0, 1, 0, 3]
Nurse 14,	 BioType 1:	 Off:17,	 Day:12,	 Eve11,	 Night2:
[0, 2, 2, 0, 0, 2, 2, 0, 0, 1, 1, 1, 2, 2, 2, 0, 0, 1, 1, 2, 0, 1, 0, 0, 1, 3, 0, 1, 1, 2, 0, 0, 3, 0, 1, 1, 0, 2, 0, 2, 0, 1]
Nurse 15,	 BioType 1:	 Off:17,	 Day:11,	 Eve9,	 Night5:
[0, 0, 0, 1, 1, 2, 2, 2, 0, 0, 1, 3, 0, 2, 3, 0, 1, 0, 0, 1, 1, 3, 0, 0, 2, 2, 2, 0, 1, 0, 0, 1, 1, 3, 0, 1, 0, 3, 0, 1, 2, 2]
Nurse 16,	 BioType 1:	 Off:17,	 Day:20,	 Eve4,	 Night1:
[1, 1, 1, 0, 1, 2, 0, 0, 1, 1, 2, 2, 3, 0, 2, 0, 1, 0, 0, 0, 1, 1, 0, 0, 0, 1, 1, 1, 1, 0, 1, 0, 0, 1, 0, 1, 1, 1, 1, 0, 1, 0]
Nurse 17,	 BioType 1:	 Off:16,	 Day:10,	 Eve4,	 Night12:
[0, 0, 1, 2, 3, 3, 3, 0, 1, 0, 0, 0, 1, 1, 2, 3, 3, 0, 0, 2, 0, 1, 3, 0, 0, 2, 3, 3, 3, 0, 0, 1, 1, 3, 3, 3, 0, 1, 0, 1, 1, 0]
Nurse 18,	 BioType 1:	 Off:17,	 Day:7,	 Eve14,	 Night4:
[0, 1, 0, 1, 3, 3, 0, 0, 2, 3, 0, 1, 2, 0, 0, 1, 2, 0, 2, 0, 2, 2, 0, 0, 2, 2, 0, 1, 2, 3, 0, 2, 0, 0, 2, 2, 2, 0, 1, 2, 0, 1]
Nurse 19,	 BioType 2:	 Off:17,	 Day:9,	 Eve11,	 Night5:
[1, 1, 2, 0, 0, 0, 2, 0, 1, 1, 0, 3, 3, 0, 1, 1, 0, 0, 0, 1, 0, 2, 2, 3, 3, 0, 0, 2, 2, 2, 2, 2, 0, 0, 3, 0, 0, 1, 2, 0, 1, 2]
Nurse 20,	 BioType 2:	 Off:16,	 Day:2,	 Eve17,	 Night7:
[0, 2, 0, 3, 0, 0, 2, 2, 2, 2, 2, 0, 2, 0, 0, 2, 2, 3, 3, 3, 0, 0, 2, 2, 0, 0, 2, 2, 0, 2, 2, 3, 3, 3, 0, 0, 2, 2, 0, 1, 0, 1]
Nurse 21,	 BioType 2:	 Off:16,	 Day:10,	 Eve10,	 Night6:
[1, 1, 3, 0, 0, 0, 3, 0, 0, 2, 2, 2, 0, 1, 1, 2, 0, 0, 1, 3, 0, 0, 0, 1, 3, 3, 0, 2, 2, 2, 2, 0, 0, 1, 1, 1, 1, 0, 3, 0, 2, 2]
Nurse 22,	 BioType 4:	 Off:17,	 Day:10,	 Eve12,	 Night3:
[1, 0, 1, 2, 2, 3, 0, 1, 0, 0, 2, 0, 2, 2, 2, 0, 0, 2, 2, 0, 2, 2, 2, 0, 1, 0, 0, 3, 0, 1, 1, 1, 1, 3, 0, 0, 0, 1, 2, 0, 1, 0]
Nurse 23,	 BioType 4:	 Off:17,	 Day:5,	 Eve16,	 Night4:
[1, 2, 0, 1, 2, 0, 3, 0, 0, 2, 2, 0, 1, 2, 0, 2, 0, 0, 0, 0, 1, 0, 2, 2, 2, 2, 3, 0, 0, 3, 0, 0, 2, 2, 2, 2, 3, 0, 2, 2, 0, 1]
Nurse 24,	 BioType 5:	 Off:17,	 Day:9,	 Eve14,	 Night2:
[2, 2, 0, 1, 3, 3, 0, 1, 0, 0, 1, 1, 0, 1, 1, 0, 0, 0, 1, 2, 2, 0, 2, 2, 2, 0, 0, 2, 0, 1, 2, 2, 2, 2, 0, 0, 1, 2, 0, 0, 0, 2]
Nurse 25,	 BioType 6:	 Off:16,	 Day:16,	 Eve7,	 Night3:
[2, 0, 2, 3, 0, 1, 2, 0, 0, 1, 1, 1, 1, 0, 1, 2, 0, 0, 1, 1, 0, 1, 0, 0, 1, 1, 0, 1, 3, 0, 0, 1, 1, 1, 0, 2, 2, 0, 1, 3, 0, 2]
Nurse 26,	 BioType 7:	 Off:16,	 Day:12,	 Eve13,	 Night1:
[2, 0, 2, 0, 0, 1, 1, 1, 1, 1, 3, 0, 0, 2, 0, 1, 2, 2, 2, 2, 0, 0, 2, 0, 2, 0, 1, 0, 0, 1, 1, 2, 2, 0, 1, 1, 0, 0, 2, 2, 0, 1]

score
Nurse 1,	 BioType 1, 	 Worst score: 492, 	 #times: 1:
[390, 390, 390, 390, 390, 427, 427, 392, 422, 427, 441, 492, 468, 435, 436, 392, 422, 427, 425, 419, 391, 389, 390, 390, 427, 427, 421, 421, 425, 391, 389, 390, 427, 427, 425, 419, 419, 416, 421, 392, 389, 390]
Nurse 2,	 BioType 1, 	 Worst score: 427, 	 #times: 8:
[390, 427, 427, 421, 421, 425, 419, 416, 421, 392, 389, 390, 390, 390, 427, 427, 392, 389, 390, 390, 390, 390, 390, 390, 390, 390, 390, 390, 390, 390, 390, 390, 427, 427, 425, 391, 389, 390, 390, 390, 427, 427]
Nurse 3,	 BioType 1, 	 Worst score: 590, 	 #times: 1:
[390, 390, 390, 390, 390, 390, 427, 427, 425, 419, 419, 391, 389, 390, 390, 390, 390, 390, 390, 390, 390, 390, 390, 390, 390, 427, 427, 392, 389, 390, 390, 427, 427, 425, 419, 440, 487, 466, 396, 457, 559, 590]
Nurse 4,	 BioType 1, 	 Worst score: 559, 	 #times: 1:
[450, 488, 466, 458, 490, 466, 396, 433, 427, 425, 391, 422, 427, 425, 391, 422, 427, 392, 446, 488, 466, 458, 490, 466, 396, 391, 427, 427, 421, 421, 444, 487, 466, 396, 457, 488, 466, 396, 391, 427, 448, 559]
Nurse 5,	 BioType 1, 	 Worst score: 597, 	 #times: 1:
[427, 448, 559, 597, 442, 395, 391, 427, 427, 392, 389, 390, 390, 390, 390, 390, 390, 427, 427, 392, 389, 390, 390, 450, 488, 466, 458, 490, 466, 396, 457, 488, 466, 396, 433, 427, 392, 389, 390, 390, 427, 427]
Nurse 6,	 BioType 1, 	 Worst score: 590, 	 #times: 2:
[450, 488, 466, 396, 433, 448, 493, 468, 396, 391, 427, 427, 444, 558, 590, 442, 395, 391, 427, 427, 444, 487, 466, 396, 391, 390, 390, 390, 450, 559, 590, 442, 395, 433, 427, 392, 389, 390, 390, 450, 488, 466]
Nurse 7,	 BioType 1, 	 Worst score: 597, 	 #times: 2:
[427, 448, 493, 468, 455, 395, 389, 450, 559, 590, 590, 437, 440, 435, 391, 422, 448, 559, 597, 442, 451, 490, 466, 435, 436, 421, 421, 441, 492, 468, 435, 436, 425, 391, 422, 427, 425, 436, 558, 597, 442, 440]
Nurse 8,	 BioType 1, 	 Worst score: 597, 	 #times: 1:
[390, 390, 427, 427, 425, 391, 389, 450, 559, 590, 442, 440, 435, 391, 389, 390, 427, 427, 425, 419, 436, 558, 597, 442, 395, 391, 390, 390, 390, 390, 390, 390, 450, 488, 466, 396, 457, 559, 590, 590, 437, 440]
Nurse 9,	 BioType 1, 	 Worst score: 597, 	 #times: 1:
[390, 390, 390, 427, 427, 425, 391, 389, 427, 427, 425, 391, 422, 427, 441, 558, 597, 442, 395, 391, 427, 427, 425, 391, 389, 390, 390, 390, 390, 390, 390, 390, 390, 390, 390, 390, 450, 488, 466, 455, 435, 416]
Nurse 10,	 BioType 1, 	 Worst score: 590, 	 #times: 2:
[450, 559, 590, 590, 437, 440, 435, 391, 389, 390, 390, 450, 488, 466, 396, 391, 427, 427, 425, 416, 421, 425, 436, 492, 468, 396, 433, 427, 421, 421, 441, 492, 468, 435, 436, 444, 487, 466, 396, 391, 390, 450]
Nurse 11,	 BioType 1, 	 Worst score: 597, 	 #times: 2:
[427, 427, 421, 443, 493, 468, 396, 457, 559, 590, 442, 395, 391, 427, 427, 441, 558, 597, 590, 437, 428, 436, 441, 558, 597, 442, 395, 433, 427, 425, 391, 389, 390, 390, 390, 390, 427, 427, 425, 419, 440, 487]
Nurse 12,	 BioType 1, 	 Worst score: 597, 	 #times: 1:
[390, 427, 427, 441, 492, 468, 396, 391, 390, 450, 559, 590, 442, 451, 490, 466, 396, 391, 450, 559, 590, 442, 395, 433, 448, 559, 597, 442, 395, 391, 427, 448, 493, 468, 396, 391, 390, 390, 390, 390, 450, 488]
Nurse 13,	 BioType 1, 	 Worst score: 590, 	 #times: 1:
[390, 427, 427, 392, 389, 390, 390, 390, 450, 488, 466, 435, 436, 444, 558, 590, 442, 395, 391, 390, 390, 390, 390, 427, 427, 392, 389, 390, 427, 427, 425, 440, 487, 466, 435, 436, 425, 419, 419, 391, 389, 450]
Nurse 14,	 BioType 1, 	 Worst score: 488, 	 #times: 2:
[390, 427, 427, 425, 391, 422, 427, 425, 391, 389, 390, 390, 427, 427, 425, 419, 391, 389, 390, 427, 427, 392, 389, 390, 390, 450, 488, 466, 396, 433, 427, 392, 446, 488, 466, 396, 391, 427, 427, 421, 421, 392]
Nurse 15,	 BioType 1, 	 Worst score: 500, 	 #times: 1:
[390, 390, 390, 390, 390, 427, 427, 425, 419, 391, 389, 450, 488, 466, 456, 500, 468, 396, 391, 390, 390, 450, 488, 466, 435, 436, 425, 419, 391, 389, 390, 390, 390, 450, 488, 466, 396, 457, 488, 466, 435, 436]
Nurse 16,	 BioType 1, 	 Worst score: 492, 	 #times: 1:
[390, 390, 390, 390, 390, 427, 427, 392, 389, 390, 427, 427, 441, 492, 468, 455, 395, 389, 390, 390, 390, 390, 390, 390, 390, 390, 390, 390, 390, 390, 390, 390, 390, 390, 390, 390, 390, 390, 390, 390, 390, 390]
Nurse 17,	 BioType 1, 	 Worst score: 597, 	 #times: 3:
[390, 390, 390, 427, 448, 559, 597, 590, 437, 395, 391, 390, 390, 390, 427, 448, 559, 597, 442, 428, 436, 392, 446, 488, 466, 435, 455, 559, 597, 590, 437, 395, 391, 450, 559, 590, 590, 437, 395, 391, 390, 390]
Nurse 18,	 BioType 1, 	 Worst score: 590, 	 #times: 1:
[390, 390, 390, 390, 450, 559, 590, 442, 428, 455, 493, 468, 435, 436, 392, 389, 427, 427, 421, 421, 421, 421, 425, 391, 422, 427, 425, 391, 422, 448, 493, 468, 455, 395, 422, 427, 425, 419, 391, 422, 427, 392]
Nurse 19,	 BioType 2, 	 Worst score: 535, 	 #times: 2:
[355, 355, 355, 355, 355, 355, 355, 355, 355, 355, 355, 355, 491, 535, 438, 361, 356, 355, 355, 355, 355, 355, 355, 355, 491, 535, 438, 361, 356, 355, 355, 355, 355, 355, 355, 408, 408, 358, 356, 355, 355, 355]
Nurse 20,	 BioType 2, 	 Worst score: 564, 	 #times: 2:
[355, 355, 355, 355, 408, 408, 358, 356, 355, 355, 355, 355, 355, 355, 355, 355, 355, 355, 491, 535, 564, 407, 361, 356, 355, 355, 355, 355, 355, 355, 355, 355, 491, 535, 564, 407, 361, 356, 355, 355, 355, 355]
Nurse 21,	 BioType 2, 	 Worst score: 535, 	 #times: 1:
[355, 355, 355, 408, 408, 358, 361, 408, 408, 358, 356, 355, 355, 355, 355, 355, 355, 355, 355, 355, 408, 408, 358, 356, 355, 491, 535, 438, 366, 356, 355, 355, 355, 355, 355, 355, 355, 355, 355, 408, 408, 358]
Nurse 22,	 BioType 4, 	 Worst score: 506, 	 #times: 1:
[394, 394, 394, 473, 476, 487, 506, 453, 395, 395, 473, 461, 463, 467, 471, 462, 393, 465, 476, 471, 456, 467, 471, 462, 393, 393, 394, 469, 481, 437, 395, 395, 394, 469, 481, 437, 395, 395, 473, 461, 394, 393]
Nurse 23,	 BioType 4, 	 Worst score: 506, 	 #times: 2:
[394, 473, 461, 394, 465, 461, 478, 488, 437, 477, 482, 471, 393, 465, 461, 463, 456, 394, 393, 394, 394, 394, 473, 476, 471, 462, 479, 506, 453, 467, 480, 437, 477, 482, 471, 462, 479, 506, 492, 483, 479, 393]
Nurse 24,	 BioType 5, 	 Worst score: 490, 	 #times: 1:
[383, 384, 375, 356, 395, 487, 490, 397, 357, 357, 357, 357, 357, 357, 357, 357, 357, 357, 357, 383, 384, 375, 377, 380, 379, 372, 356, 381, 372, 357, 381, 384, 379, 376, 372, 356, 357, 383, 372, 357, 357, 383]
Nurse 25,	 BioType 6, 	 Worst score: 599, 	 #times: 1:
[559, 550, 544, 543, 566, 477, 572, 557, 442, 439, 441, 441, 441, 441, 441, 559, 550, 442, 439, 441, 441, 441, 441, 441, 441, 441, 441, 441, 515, 527, 475, 445, 442, 441, 441, 559, 563, 562, 449, 522, 527, 599]
Nurse 26,	 BioType 7, 	 Worst score: 486, 	 #times: 1:
[383, 383, 383, 383, 383, 383, 396, 396, 394, 394, 394, 486, 411, 385, 381, 383, 396, 386, 384, 383, 383, 383, 383, 383, 383, 383, 383, 396, 386, 384, 396, 396, 386, 384, 383, 396, 396, 386, 384, 383, 383, 383]

Runtime: 1 mins0secs
Iteration 1	 Avg ind max fatigue: 549	 Max fatigue: 597 [[7],[19]],	 Obj.func.: 597	 Time: 23
nShift
Nurse 1,	 BioType 1:	 Off:16,	 Day:10,	 Eve15,	 Night1:
[0, 1, 0, 1, 1, 2, 0, 0, 2, 2, 3, 0, 0, 2, 0, 1, 2, 2, 2, 0, 1, 0, 0, 1, 2, 0, 2, 2, 0, 1, 0, 0, 2, 2, 2, 2, 0, 2, 0, 1, 1, 1]
Nurse 2,	 BioType 1:	 Off:16,	 Day:17,	 Eve9,	 Night0:
[1, 2, 0, 2, 2, 2, 0, 2, 0, 0, 1, 1, 1, 1, 2, 0, 1, 0, 0, 1, 1, 0, 1, 0, 1, 1, 1, 0, 0, 1, 1, 1, 2, 2, 0, 1, 0, 0, 1, 0, 2, 0]
Nurse 3,	 BioType 1:	 Off:16,	 Day:15,	 Eve8,	 Night3:
[0, 1, 0, 0, 1, 0, 2, 2, 2, 2, 0, 0, 1, 0, 1, 1, 0, 1, 1, 1, 0, 0, 1, 1, 1, 2, 0, 1, 1, 0, 0, 2, 2, 2, 0, 3, 0, 1, 1, 3, 3, 0]
Nurse 4,	 BioType 1:	 Off:17,	 Day:9,	 Eve8,	 Night8:
[3, 0, 1, 3, 0, 1, 1, 2, 2, 0, 0, 2, 2, 0, 1, 2, 0, 0, 3, 0, 1, 3, 0, 1, 0, 0, 2, 0, 2, 0, 3, 0, 1, 1, 3, 0, 0, 0, 1, 2, 3, 3]
Nurse 5,	 BioType 1:	 Off:17,	 Day:14,	 Eve6,	 Night5:
[2, 3, 3, 0, 1, 1, 0, 2, 0, 0, 1, 0, 0, 1, 0, 1, 1, 2, 0, 0, 1, 1, 1, 3, 0, 1, 3, 0, 0, 1, 3, 0, 0, 0, 2, 0, 1, 0, 1, 1, 2, 2]
Nurse 6,	 BioType 1:	 Off:17,	 Day:12,	 Eve5,	 Night8:
[3, 0, 1, 0, 2, 3, 0, 0, 1, 1, 2, 0, 3, 3, 0, 0, 1, 1, 2, 0, 3, 0, 0, 1, 0, 1, 1, 1, 3, 3, 0, 0, 1, 2, 0, 1, 1, 0, 0, 3, 0, 2]
Nurse 7,	 BioType 1:	 Off:16,	 Day:2,	 Eve14,	 Night10:
[2, 3, 0, 2, 0, 0, 1, 3, 3, 3, 0, 2, 2, 0, 0, 2, 3, 3, 0, 0, 3, 0, 1, 2, 0, 2, 2, 3, 0, 0, 2, 2, 0, 0, 2, 2, 2, 3, 3, 0, 2, 0]
Nurse 8,	 BioType 1:	 Off:16,	 Day:9,	 Eve9,	 Night8:
[0, 1, 2, 2, 0, 0, 1, 3, 3, 0, 2, 2, 0, 1, 0, 0, 2, 2, 2, 2, 3, 3, 0, 0, 1, 1, 0, 1, 1, 0, 0, 1, 3, 0, 1, 0, 3, 3, 3, 0, 2, 0]
Nurse 9,	 BioType 1:	 Off:17,	 Day:11,	 Eve11,	 Night3:
[0, 0, 1, 2, 2, 0, 1, 1, 2, 2, 0, 0, 2, 2, 3, 3, 0, 1, 0, 0, 2, 2, 0, 1, 0, 0, 0, 1, 1, 1, 1, 0, 0, 1, 1, 0, 3, 0, 2, 2, 0, 2]
Nurse 10,	 BioType 1:	 Off:16,	 Day:7,	 Eve11,	 Night8:
[3, 3, 3, 0, 2, 2, 0, 1, 1, 0, 0, 3, 0, 1, 0, 0, 2, 2, 0, 2, 2, 2, 3, 0, 0, 1, 2, 0, 2, 2, 3, 0, 0, 2, 0, 3, 0, 1, 1, 0, 1, 3]
Nurse 11,	 BioType 1:	 Off:16,	 Day:6,	 Eve11,	 Night9:
[2, 0, 2, 3, 0, 1, 0, 3, 3, 0, 0, 1, 0, 2, 2, 3, 3, 3, 0, 0, 2, 2, 3, 3, 0, 0, 1, 2, 2, 0, 1, 0, 0, 1, 0, 1, 2, 2, 2, 0, 3, 0]
Nurse 12,	 BioType 1:	 Off:17,	 Day:11,	 Eve4,	 Night10:
[0, 2, 2, 3, 0, 1, 0, 0, 0, 3, 3, 0, 1, 3, 0, 0, 1, 1, 3, 3, 0, 0, 1, 2, 3, 3, 0, 1, 0, 0, 2, 3, 0, 0, 1, 1, 1, 1, 1, 0, 3, 0]
Nurse 13,	 BioType 1:	 Off:16,	 Day:12,	 Eve9,	 Night5:
[1, 2, 0, 1, 1, 0, 1, 1, 3, 0, 0, 2, 0, 3, 3, 0, 0, 1, 1, 1, 0, 1, 1, 2, 0, 0, 1, 0, 2, 2, 0, 3, 0, 0, 2, 2, 2, 2, 0, 1, 0, 3]
Nurse 14,	 BioType 1:	 Off:17,	 Day:12,	 Eve11,	 Night2:
[0, 2, 2, 0, 0, 2, 2, 0, 0, 1, 1, 1, 2, 2, 2, 0, 0, 1, 1, 2, 0, 1, 0, 0, 1, 3, 0, 1, 1, 2, 0, 0, 3, 0, 1, 1, 0, 2, 0, 2, 0, 1]
Nurse 15,	 BioType 1:	 Off:17,	 Day:11,	 Eve9,	 Night5:
[0, 0, 0, 1, 1, 2, 2, 2, 0, 0, 1, 3, 0, 2, 3, 0, 1, 0, 0, 1, 1, 3, 0, 0, 2, 2, 2, 0, 1, 0, 0, 1, 1, 3, 0, 1, 0, 3, 0, 1, 2, 2]
Nurse 16,	 BioType 1:	 Off:17,	 Day:20,	 Eve4,	 Night1:
[1, 1, 1, 0, 1, 2, 0, 0, 1, 1, 2, 2, 3, 0, 2, 0, 1, 0, 0, 0, 1, 1, 0, 0, 0, 1, 1, 1, 1, 0, 1, 0, 0, 1, 0, 1, 1, 1, 1, 0, 1, 0]
Nurse 17,	 BioType 1:	 Off:16,	 Day:10,	 Eve4,	 Night12:
[0, 0, 1, 2, 3, 3, 3, 0, 1, 0, 0, 0, 1, 1, 2, 3, 3, 0, 0, 2, 0, 1, 3, 0, 0, 2, 3, 3, 3, 0, 0, 1, 1, 3, 3, 3, 0, 1, 0, 1, 1, 0]
Nurse 18,	 BioType 1:	 Off:17,	 Day:7,	 Eve14,	 Night4:
[0, 1, 0, 1, 3, 3, 0, 0, 2, 3, 0, 1, 2, 0, 0, 1, 2, 0, 2, 0, 2, 2, 0, 0, 2, 2, 0, 1, 2, 3, 0, 2, 0, 0, 2, 2, 2, 0, 1, 2, 0, 1]
Nurse 19,	 BioType 2:	 Off:17,	 Day:9,	 Eve11,	 Night5:
[1, 1, 2, 0, 0, 0, 2, 0, 1, 1, 0, 3, 3, 0, 1, 1, 0, 0, 0, 1, 0, 2, 2, 3, 3, 0, 0, 2, 2, 2, 2, 2, 0, 0, 3, 0, 0, 1, 2, 0, 1, 2]
Nurse 20,	 BioType 2:	 Off:16,	 Day:2,	 Eve17,	 Night7:
[0, 2, 0, 3, 0, 0, 2, 2, 2, 2, 2, 0, 2, 0, 0, 2, 2, 3, 3, 3, 0, 0, 2, 2, 0, 0, 2, 2, 0, 2, 2, 3, 3, 3, 0, 0, 2, 2, 0, 1, 0, 1]
Nurse 21,	 BioType 2:	 Off:16,	 Day:10,	 Eve10,	 Night6:
[1, 1, 3, 0, 0, 0, 3, 0, 0, 2, 2, 2, 0, 1, 1, 2, 0, 0, 1, 3, 0, 0, 0, 1, 3, 3, 0, 2, 2, 2, 2, 0, 0, 1, 1, 1, 1, 0, 3, 0, 2, 2]
Nurse 22,	 BioType 4:	 Off:17,	 Day:10,	 Eve12,	 Night3:
[1, 0, 1, 2, 2, 3, 0, 1, 0, 0, 2, 0, 2, 2, 2, 0, 0, 2, 2, 0, 2, 2, 2, 0, 1, 0, 0, 3, 0, 1, 1, 1, 1, 3, 0, 0, 0, 1, 2, 0, 1, 0]
Nurse 23,	 BioType 4:	 Off:17,	 Day:5,	 Eve16,	 Night4:
[1, 2, 0, 1, 2, 0, 3, 0, 0, 2, 2, 0, 1, 2, 0, 2, 0, 0, 0, 0, 1, 0, 2, 2, 2, 2, 3, 0, 0, 3, 0, 0, 2, 2, 2, 2, 3, 0, 2, 2, 0, 1]
Nurse 24,	 BioType 5:	 Off:17,	 Day:9,	 Eve14,	 Night2:
[2, 2, 0, 1, 3, 3, 0, 1, 0, 0, 1, 1, 0, 1, 1, 0, 0, 0, 1, 2, 2, 0, 2, 2, 2, 0, 0, 2, 0, 1, 2, 2, 2, 2, 0, 0, 1, 2, 0, 0, 0, 2]
Nurse 25,	 BioType 6:	 Off:17,	 Day:17,	 Eve6,	 Night2:
[2, 0, 0, 0, 0, 1, 2, 0, 0, 1, 1, 1, 1, 0, 1, 2, 0, 0, 1, 1, 0, 1, 0, 0, 1, 1, 1, 1, 3, 0, 0, 1, 1, 1, 0, 2, 2, 2, 0, 3, 0, 1]
Nurse 26,	 BioType 7:	 Off:16,	 Day:12,	 Eve13,	 Night1:
[2, 0, 2, 0, 0, 1, 1, 1, 1, 1, 3, 0, 0, 2, 0, 1, 2, 2, 2, 2, 0, 0, 2, 0, 2, 0, 1, 0, 0, 1, 1, 2, 2, 0, 1, 1, 0, 0, 2, 2, 0, 1]

score
Nurse 1,	 BioType 1, 	 Worst score: 492, 	 #times: 1:
[390, 390, 390, 390, 390, 427, 427, 392, 422, 427, 441, 492, 468, 435, 436, 392, 422, 427, 425, 419, 391, 389, 390, 390, 427, 427, 421, 421, 425, 391, 389, 390, 427, 427, 425, 419, 419, 416, 421, 392, 389, 390]
Nurse 2,	 BioType 1, 	 Worst score: 427, 	 #times: 8:
[390, 427, 427, 421, 421, 425, 419, 416, 421, 392, 389, 390, 390, 390, 427, 427, 392, 389, 390, 390, 390, 390, 390, 390, 390, 390, 390, 390, 390, 390, 390, 390, 427, 427, 425, 391, 389, 390, 390, 390, 427, 427]
Nurse 3,	 BioType 1, 	 Worst score: 590, 	 #times: 1:
[390, 390, 390, 390, 390, 390, 427, 427, 425, 419, 419, 391, 389, 390, 390, 390, 390, 390, 390, 390, 390, 390, 390, 390, 390, 427, 427, 392, 389, 390, 390, 427, 427, 425, 419, 440, 487, 466, 396, 457, 559, 590]
Nurse 4,	 BioType 1, 	 Worst score: 559, 	 #times: 1:
[450, 488, 466, 458, 490, 466, 396, 433, 427, 425, 391, 422, 427, 425, 391, 422, 427, 392, 446, 488, 466, 458, 490, 466, 396, 391, 427, 427, 421, 421, 444, 487, 466, 396, 457, 488, 466, 396, 391, 427, 448, 559]
Nurse 5,	 BioType 1, 	 Worst score: 597, 	 #times: 1:
[427, 448, 559, 597, 442, 395, 391, 427, 427, 392, 389, 390, 390, 390, 390, 390, 390, 427, 427, 392, 389, 390, 390, 450, 488, 466, 458, 490, 466, 396, 457, 488, 466, 396, 433, 427, 392, 389, 390, 390, 427, 427]
Nurse 6,	 BioType 1, 	 Worst score: 590, 	 #times: 2:
[450, 488, 466, 396, 433, 448, 493, 468, 396, 391, 427, 427, 444, 558, 590, 442, 395, 391, 427, 427, 444, 487, 466, 396, 391, 390, 390, 390, 450, 559, 590, 442, 395, 433, 427, 392, 389, 390, 390, 450, 488, 466]
Nurse 7,	 BioType 1, 	 Worst score: 597, 	 #times: 2:
[427, 448, 493, 468, 455, 395, 389, 450, 559, 590, 590, 437, 440, 435, 391, 422, 448, 559, 597, 442, 451, 490, 466, 435, 436, 421, 421, 441, 492, 468, 435, 436, 425, 391, 422, 427, 425, 436, 558, 597, 442, 440]
Nurse 8,	 BioType 1, 	 Worst score: 597, 	 #times: 1:
[390, 390, 427, 427, 425, 391, 389, 450, 559, 590, 442, 440, 435, 391, 389, 390, 427, 427, 425, 419, 436, 558, 597, 442, 395, 391, 390, 390, 390, 390, 390, 390, 450, 488, 466, 396, 457, 559, 590, 590, 437, 440]
Nurse 9,	 BioType 1, 	 Worst score: 597, 	 #times: 1:
[390, 390, 390, 427, 427, 425, 391, 389, 427, 427, 425, 391, 422, 427, 441, 558, 597, 442, 395, 391, 427, 427, 425, 391, 389, 390, 390, 390, 390, 390, 390, 390, 390, 390, 390, 390, 450, 488, 466, 455, 435, 416]
Nurse 10,	 BioType 1, 	 Worst score: 590, 	 #times: 2:
[450, 559, 590, 590, 437, 440, 435, 391, 389, 390, 390, 450, 488, 466, 396, 391, 427, 427, 425, 416, 421, 425, 436, 492, 468, 396, 433, 427, 421, 421, 441, 492, 468, 435, 436, 444, 487, 466, 396, 391, 390, 450]
Nurse 11,	 BioType 1, 	 Worst score: 597, 	 #times: 2:
[427, 427, 421, 443, 493, 468, 396, 457, 559, 590, 442, 395, 391, 427, 427, 441, 558, 597, 590, 437, 428, 436, 441, 558, 597, 442, 395, 433, 427, 425, 391, 389, 390, 390, 390, 390, 427, 427, 425, 419, 440, 487]
Nurse 12,	 BioType 1, 	 Worst score: 597, 	 #times: 1:
[390, 427, 427, 441, 492, 468, 396, 391, 390, 450, 559, 590, 442, 451, 490, 466, 396, 391, 450, 559, 590, 442, 395, 433, 448, 559, 597, 442, 395, 391, 427, 448, 493, 468, 396, 391, 390, 390, 390, 390, 450, 488]
Nurse 13,	 BioType 1, 	 Worst score: 590, 	 #times: 1:
[390, 427, 427, 392, 389, 390, 390, 390, 450, 488, 466, 435, 436, 444, 558, 590, 442, 395, 391, 390, 390, 390, 390, 427, 427, 392, 389, 390, 427, 427, 425, 440, 487, 466, 435, 436, 425, 419, 419, 391, 389, 450]
Nurse 14,	 BioType 1, 	 Worst score: 488, 	 #times: 2:
[390, 427, 427, 425, 391, 422, 427, 425, 391, 389, 390, 390, 427, 427, 425, 419, 391, 389, 390, 427, 427, 392, 389, 390, 390, 450, 488, 466, 396, 433, 427, 392, 446, 488, 466, 396, 391, 427, 427, 421, 421, 392]
Nurse 15,	 BioType 1, 	 Worst score: 500, 	 #times: 1:
[390, 390, 390, 390, 390, 427, 427, 425, 419, 391, 389, 450, 488, 466, 456, 500, 468, 396, 391, 390, 390, 450, 488, 466, 435, 436, 425, 419, 391, 389, 390, 390, 390, 450, 488, 466, 396, 457, 488, 466, 435, 436]
Nurse 16,	 BioType 1, 	 Worst score: 492, 	 #times: 1:
[390, 390, 390, 390, 390, 427, 427, 392, 389, 390, 427, 427, 441, 492, 468, 455, 395, 389, 390, 390, 390, 390, 390, 390, 390, 390, 390, 390, 390, 390, 390, 390, 390, 390, 390, 390, 390, 390, 390, 390, 390, 390]
Nurse 17,	 BioType 1, 	 Worst score: 597, 	 #times: 3:
[390, 390, 390, 427, 448, 559, 597, 590, 437, 395, 391, 390, 390, 390, 427, 448, 559, 597, 442, 428, 436, 392, 446, 488, 466, 435, 455, 559, 597, 590, 437, 395, 391, 450, 559, 590, 590, 437, 395, 391, 390, 390]
Nurse 18,	 BioType 1, 	 Worst score: 590, 	 #times: 1:
[390, 390, 390, 390, 450, 559, 590, 442, 428, 455, 493, 468, 435, 436, 392, 389, 427, 427, 421, 421, 421, 421, 425, 391, 422, 427, 425, 391, 422, 448, 493, 468, 455, 395, 422, 427, 425, 419, 391, 422, 427, 392]
Nurse 19,	 BioType 2, 	 Worst score: 535, 	 #times: 2:
[355, 355, 355, 355, 355, 355, 355, 355, 355, 355, 355, 355, 491, 535, 438, 361, 356, 355, 355, 355, 355, 355, 355, 355, 491, 535, 438, 361, 356, 355, 355, 355, 355, 355, 355, 408, 408, 358, 356, 355, 355, 355]
Nurse 20,	 BioType 2, 	 Worst score: 564, 	 #times: 2:
[355, 355, 355, 355, 408, 408, 358, 356, 355, 355, 355, 355, 355, 355, 355, 355, 355, 355, 491, 535, 564, 407, 361, 356, 355, 355, 355, 355, 355, 355, 355, 355, 491, 535, 564, 407, 361, 356, 355, 355, 355, 355]
Nurse 21,	 BioType 2, 	 Worst score: 535, 	 #times: 1:
[355, 355, 355, 408, 408, 358, 361, 408, 408, 358, 356, 355, 355, 355, 355, 355, 355, 355, 355, 355, 408, 408, 358, 356, 355, 491, 535, 438, 366, 356, 355, 355, 355, 355, 355, 355, 355, 355, 355, 408, 408, 358]
Nurse 22,	 BioType 4, 	 Worst score: 506, 	 #times: 1:
[394, 394, 394, 473, 476, 487, 506, 453, 395, 395, 473, 461, 463, 467, 471, 462, 393, 465, 476, 471, 456, 467, 471, 462, 393, 393, 394, 469, 481, 437, 395, 395, 394, 469, 481, 437, 395, 395, 473, 461, 394, 393]
Nurse 23,	 BioType 4, 	 Worst score: 506, 	 #times: 2:
[394, 473, 461, 394, 465, 461, 478, 488, 437, 477, 482, 471, 393, 465, 461, 463, 456, 394, 393, 394, 394, 394, 473, 476, 471, 462, 479, 506, 453, 467, 480, 437, 477, 482, 471, 462, 479, 506, 492, 483, 479, 393]
Nurse 24,	 BioType 5, 	 Worst score: 490, 	 #times: 1:
[383, 384, 375, 356, 395, 487, 490, 397, 357, 357, 357, 357, 357, 357, 357, 357, 357, 357, 357, 383, 384, 375, 377, 380, 379, 372, 356, 381, 372, 357, 381, 384, 379, 376, 372, 356, 357, 383, 372, 357, 357, 383]
Nurse 25,	 BioType 6, 	 Worst score: 563, 	 #times: 1:
[559, 550, 442, 439, 441, 441, 559, 550, 442, 439, 441, 441, 441, 441, 441, 559, 550, 442, 439, 441, 441, 441, 441, 441, 441, 441, 441, 441, 515, 527, 475, 445, 442, 441, 441, 559, 563, 562, 541, 530, 543, 475]
Nurse 26,	 BioType 7, 	 Worst score: 486, 	 #times: 1:
[383, 383, 383, 383, 383, 383, 396, 396, 394, 394, 394, 486, 411, 385, 381, 383, 396, 386, 384, 383, 383, 383, 383, 383, 383, 383, 383, 396, 386, 384, 396, 396, 386, 384, 383, 396, 396, 386, 384, 383, 383, 383]

Runtime: 1 mins0secs
Iteration 2	 Avg ind max fatigue: 556	 Max fatigue: 597 [[11],[25]],	 Obj.func.: 5	 Time: 85
nShift
Nurse 1,	 BioType 1:	 Off:16,	 Day:10,	 Eve15,	 Night1:
[0, 1, 0, 1, 1, 2, 0, 0, 2, 2, 3, 0, 0, 2, 0, 1, 2, 2, 2, 0, 1, 0, 0, 1, 2, 0, 2, 2, 0, 1, 0, 0, 2, 2, 2, 2, 0, 2, 0, 1, 1, 1]
Nurse 2,	 BioType 1:	 Off:16,	 Day:17,	 Eve9,	 Night0:
[1, 2, 0, 2, 2, 2, 0, 2, 0, 0, 1, 1, 1, 1, 2, 0, 1, 0, 0, 1, 1, 0, 1, 0, 1, 1, 1, 0, 0, 1, 1, 1, 2, 2, 0, 1, 0, 0, 1, 0, 2, 0]
Nurse 3,	 BioType 1:	 Off:16,	 Day:15,	 Eve8,	 Night3:
[0, 1, 0, 0, 1, 0, 2, 2, 2, 2, 0, 0, 1, 0, 1, 1, 0, 1, 1, 1, 0, 0, 1, 1, 1, 2, 0, 1, 1, 0, 0, 2, 2, 2, 0, 3, 0, 1, 1, 3, 3, 0]
Nurse 4,	 BioType 1:	 Off:16,	 Day:9,	 Eve9,	 Night8:
[3, 0, 1, 3, 0, 1, 1, 2, 2, 0, 0, 2, 2, 0, 1, 2, 0, 0, 3, 0, 1, 3, 0, 1, 0, 0, 2, 2, 2, 0, 3, 0, 1, 1, 3, 0, 0, 0, 1, 2, 3, 3]
Nurse 5,	 BioType 1:	 Off:16,	 Day:6,	 Eve10,	 Night10:
[3, 0, 1, 2, 3, 0, 2, 3, 0, 0, 2, 0, 2, 2, 2, 0, 2, 3, 3, 3, 0, 0, 0, 3, 0, 1, 0, 1, 1, 2, 2, 0, 0, 0, 2, 0, 1, 3, 0, 1, 3, 3]
Nurse 6,	 BioType 1:	 Off:16,	 Day:11,	 Eve8,	 Night7:
[2, 2, 2, 2, 0, 3, 0, 2, 0, 0, 1, 1, 1, 1, 0, 3, 3, 3, 0, 0, 1, 1, 1, 2, 0, 3, 3, 0, 0, 1, 1, 1, 1, 0, 3, 0, 2, 0, 0, 0, 0, 2]
Nurse 7,	 BioType 1:	 Off:16,	 Day:10,	 Eve4,	 Night12:
[3, 3, 3, 0, 1, 1, 0, 0, 3, 3, 0, 2, 3, 3, 0, 0, 1, 1, 1, 2, 3, 0, 0, 0, 3, 3, 3, 0, 1, 0, 0, 0, 3, 0, 1, 1, 1, 2, 0, 1, 2, 0]
Nurse 8,	 BioType 1:	 Off:16,	 Day:14,	 Eve4,	 Night8:
[3, 0, 1, 0, 0, 0, 2, 2, 2, 0, 3, 3, 3, 0, 0, 1, 1, 1, 0, 2, 3, 0, 0, 1, 1, 1, 1, 0, 1, 0, 0, 1, 1, 1, 0, 0, 1, 1, 3, 3, 3, 0]
Nurse 9,	 BioType 1:	 Off:16,	 Day:11,	 Eve12,	 Night3:
[0, 0, 1, 2, 2, 0, 1, 1, 2, 2, 0, 0, 2, 2, 3, 3, 0, 1, 0, 0, 2, 2, 0, 1, 0, 0, 0, 1, 1, 1, 1, 0, 0, 1, 1, 0, 3, 0, 2, 2, 2, 2]
Nurse 10,	 BioType 1:	 Off:16,	 Day:7,	 Eve11,	 Night8:
[3, 3, 3, 0, 2, 2, 0, 1, 1, 0, 0, 3, 0, 1, 0, 0, 2, 2, 0, 2, 2, 2, 3, 0, 0, 1, 2, 0, 2, 2, 3, 0, 0, 2, 0, 3, 0, 1, 1, 0, 1, 3]
Nurse 11,	 BioType 1:	 Off:16,	 Day:6,	 Eve11,	 Night9:
[2, 0, 2, 3, 0, 1, 0, 3, 3, 0, 0, 1, 0, 2, 2, 3, 3, 3, 0, 0, 2, 2, 3, 3, 0, 0, 1, 2, 2, 0, 1, 0, 0, 1, 0, 1, 2, 2, 2, 0, 3, 0]
Nurse 12,	 BioType 1:	 Off:16,	 Day:10,	 Eve12,	 Night4:
[2, 2, 2, 0, 1, 1, 0, 0, 0, 1, 2, 0, 0, 1, 2, 2, 2, 2, 0, 0, 3, 3, 3, 0, 0, 0, 2, 0, 1, 2, 2, 2, 0, 3, 0, 0, 1, 1, 0, 1, 1, 1]
Nurse 13,	 BioType 1:	 Off:16,	 Day:12,	 Eve9,	 Night5:
[1, 2, 0, 1, 1, 0, 1, 1, 3, 0, 0, 2, 0, 3, 3, 0, 0, 1, 1, 1, 0, 1, 1, 2, 0, 0, 1, 0, 2, 2, 0, 3, 0, 0, 2, 2, 2, 2, 0, 1, 0, 3]
Nurse 14,	 BioType 1:	 Off:16,	 Day:12,	 Eve6,	 Night8:
[3, 0, 1, 3, 0, 0, 1, 3, 0, 1, 2, 0, 0, 2, 2, 3, 0, 1, 2, 3, 0, 0, 1, 2, 0, 2, 0, 1, 3, 3, 3, 0, 0, 0, 1, 0, 1, 1, 1, 1, 1, 0]
Nurse 15,	 BioType 1:	 Off:16,	 Day:11,	 Eve9,	 Night6:
[0, 3, 0, 1, 1, 2, 2, 2, 0, 0, 1, 3, 0, 2, 3, 0, 1, 0, 0, 1, 1, 3, 0, 0, 2, 2, 2, 0, 1, 0, 0, 1, 1, 3, 0, 1, 0, 3, 0, 1, 2, 2]
Nurse 16,	 BioType 1:	 Off:16,	 Day:9,	 Eve5,	 Night12:
[3, 0, 1, 0, 0, 2, 3, 0, 1, 3, 0, 0, 1, 3, 3, 0, 1, 1, 0, 0, 1, 1, 2, 2, 0, 0, 3, 3, 3, 0, 0, 1, 3, 0, 1, 3, 3, 3, 0, 2, 2, 0]
Nurse 17,	 BioType 1:	 Off:16,	 Day:8,	 Eve13,	 Night5:
[1, 1, 2, 0, 2, 2, 0, 0, 1, 2, 2, 2, 3, 0, 0, 2, 0, 1, 2, 2, 0, 1, 1, 0, 0, 2, 2, 0, 0, 0, 2, 3, 0, 0, 2, 0, 1, 1, 3, 3, 3, 0]
Nurse 18,	 BioType 1:	 Off:16,	 Day:7,	 Eve15,	 Night4:
[0, 1, 0, 1, 3, 3, 0, 0, 2, 3, 0, 1, 2, 0, 0, 1, 2, 2, 2, 0, 2, 2, 0, 0, 2, 2, 0, 1, 2, 3, 0, 2, 0, 0, 2, 2, 2, 0, 1, 2, 0, 1]
Nurse 19,	 BioType 2:	 Off:16,	 Day:10,	 Eve11,	 Night5:
[1, 1, 2, 0, 0, 0, 2, 0, 1, 1, 0, 3, 3, 0, 1, 1, 0, 0, 0, 1, 0, 2, 2, 3, 3, 0, 0, 2, 2, 2, 2, 2, 0, 0, 3, 0, 1, 1, 2, 0, 1, 2]
Nurse 20,	 BioType 2:	 Off:16,	 Day:14,	 Eve6,	 Night6:
[0, 0, 1, 2, 0, 0, 1, 1, 1, 1, 1, 0, 2, 0, 0, 1, 1, 1, 3, 0, 1, 1, 0, 0, 1, 1, 2, 3, 0, 0, 0, 3, 3, 3, 0, 2, 2, 3, 0, 1, 2, 0]
Nurse 21,	 BioType 2:	 Off:16,	 Day:10,	 Eve10,	 Night6:
[1, 1, 3, 0, 0, 0, 3, 0, 0, 2, 2, 2, 0, 1, 1, 2, 0, 0, 1, 3, 0, 0, 0, 1, 3, 3, 0, 2, 2, 2, 2, 0, 0, 1, 1, 1, 1, 0, 3, 0, 2, 2]
Nurse 22,	 BioType 4:	 Off:16,	 Day:10,	 Eve13,	 Night3:
[1, 0, 1, 2, 2, 3, 0, 1, 0, 0, 2, 2, 2, 2, 2, 0, 0, 2, 2, 0, 2, 2, 2, 0, 1, 0, 0, 3, 0, 1, 1, 1, 1, 3, 0, 0, 0, 1, 2, 0, 1, 0]
Nurse 23,	 BioType 4:	 Off:16,	 Day:5,	 Eve16,	 Night5:
[1, 2, 0, 1, 2, 0, 3, 0, 0, 2, 2, 0, 1, 2, 0, 2, 3, 0, 0, 0, 1, 0, 2, 2, 2, 2, 3, 0, 0, 3, 0, 0, 2, 2, 2, 2, 3, 0, 2, 2, 0, 1]
Nurse 24,	 BioType 5:	 Off:16,	 Day:10,	 Eve14,	 Night2:
[2, 2, 0, 1, 3, 3, 0, 1, 0, 0, 1, 1, 0, 1, 1, 0, 0, 1, 1, 2, 2, 0, 2, 2, 2, 0, 0, 2, 0, 1, 2, 2, 2, 2, 0, 0, 1, 2, 0, 0, 0, 2]
Nurse 25,	 BioType 6:	 Off:16,	 Day:18,	 Eve6,	 Night2:
[2, 0, 1, 0, 0, 1, 2, 0, 0, 1, 1, 1, 1, 0, 1, 2, 0, 0, 1, 1, 0, 1, 0, 0, 1, 1, 1, 1, 3, 0, 0, 1, 1, 1, 0, 2, 2, 2, 0, 3, 0, 1]
Nurse 26,	 BioType 7:	 Off:16,	 Day:12,	 Eve13,	 Night1:
[2, 0, 2, 0, 0, 1, 1, 1, 1, 1, 3, 0, 0, 2, 0, 1, 2, 2, 2, 2, 0, 0, 2, 0, 2, 0, 1, 0, 0, 1, 1, 2, 2, 0, 1, 1, 0, 0, 2, 2, 0, 1]

score
Nurse 1,	 BioType 1, 	 Worst score: 492, 	 #times: 1:
[390, 390, 390, 390, 390, 427, 427, 392, 422, 427, 441, 492, 468, 435, 436, 392, 422, 427, 425, 419, 391, 389, 390, 390, 427, 427, 421, 421, 425, 391, 389, 390, 427, 427, 425, 419, 419, 416, 421, 392, 389, 390]
Nurse 2,	 BioType 1, 	 Worst score: 427, 	 #times: 8:
[390, 427, 427, 421, 421, 425, 419, 416, 421, 392, 389, 390, 390, 390, 427, 427, 392, 389, 390, 390, 390, 390, 390, 390, 390, 390, 390, 390, 390, 390, 390, 390, 427, 427, 425, 391, 389, 390, 390, 390, 427, 427]
Nurse 3,	 BioType 1, 	 Worst score: 590, 	 #times: 1:
[390, 390, 390, 390, 390, 390, 427, 427, 425, 419, 419, 391, 389, 390, 390, 390, 390, 390, 390, 390, 390, 390, 390, 390, 390, 427, 427, 392, 389, 390, 390, 427, 427, 425, 419, 440, 487, 466, 396, 457, 559, 590]
Nurse 4,	 BioType 1, 	 Worst score: 559, 	 #times: 1:
[450, 488, 466, 458, 490, 466, 396, 433, 427, 425, 391, 422, 427, 425, 391, 422, 427, 392, 446, 488, 466, 458, 490, 466, 396, 391, 427, 427, 425, 419, 440, 487, 466, 396, 457, 488, 466, 396, 391, 427, 448, 559]
Nurse 5,	 BioType 1, 	 Worst score: 597, 	 #times: 1:
[450, 488, 466, 435, 455, 493, 468, 456, 500, 468, 435, 436, 421, 421, 425, 419, 416, 443, 559, 597, 590, 437, 395, 457, 488, 466, 396, 391, 390, 427, 427, 425, 391, 389, 427, 427, 392, 446, 488, 466, 458, 560]
Nurse 6,	 BioType 1, 	 Worst score: 590, 	 #times: 3:
[427, 427, 425, 419, 419, 440, 487, 466, 455, 395, 389, 390, 390, 390, 390, 450, 559, 590, 590, 437, 395, 391, 390, 427, 427, 444, 558, 590, 442, 395, 391, 390, 390, 390, 450, 488, 466, 455, 395, 389, 390, 427]
Nurse 7,	 BioType 1, 	 Worst score: 597, 	 #times: 1:
[450, 559, 590, 590, 437, 395, 391, 390, 450, 559, 590, 442, 448, 561, 597, 442, 395, 391, 390, 427, 448, 493, 468, 396, 457, 559, 590, 590, 437, 395, 391, 390, 450, 488, 466, 396, 391, 427, 427, 392, 422, 427]
Nurse 8,	 BioType 1, 	 Worst score: 590, 	 #times: 4:
[450, 488, 466, 396, 391, 390, 427, 427, 425, 419, 440, 558, 590, 590, 437, 395, 391, 390, 390, 427, 448, 493, 468, 396, 391, 390, 390, 390, 390, 390, 390, 390, 390, 390, 390, 390, 390, 390, 450, 559, 590, 590]
Nurse 9,	 BioType 1, 	 Worst score: 597, 	 #times: 1:
[390, 390, 390, 427, 427, 425, 391, 389, 427, 427, 425, 391, 422, 427, 441, 558, 597, 442, 395, 391, 427, 427, 425, 391, 389, 390, 390, 390, 390, 390, 390, 390, 390, 390, 390, 390, 450, 488, 466, 455, 435, 419]
Nurse 10,	 BioType 1, 	 Worst score: 590, 	 #times: 2:
[450, 559, 590, 590, 437, 440, 435, 391, 389, 390, 390, 450, 488, 466, 396, 391, 427, 427, 425, 416, 421, 425, 436, 492, 468, 396, 433, 427, 421, 421, 441, 492, 468, 435, 436, 444, 487, 466, 396, 391, 390, 450]
Nurse 11,	 BioType 1, 	 Worst score: 597, 	 #times: 2:
[427, 427, 421, 443, 493, 468, 396, 457, 559, 590, 442, 395, 391, 427, 427, 441, 558, 597, 590, 437, 428, 436, 441, 558, 597, 442, 395, 433, 427, 425, 391, 389, 390, 390, 390, 390, 427, 427, 425, 419, 440, 487]
Nurse 12,	 BioType 1, 	 Worst score: 590, 	 #times: 2:
[427, 427, 425, 419, 391, 389, 390, 390, 390, 390, 427, 427, 392, 389, 427, 427, 425, 419, 419, 391, 446, 559, 590, 590, 437, 395, 433, 427, 392, 422, 427, 425, 419, 440, 487, 466, 396, 391, 390, 390, 390, 390]
Nurse 13,	 BioType 1, 	 Worst score: 590, 	 #times: 1:
[390, 427, 427, 392, 389, 390, 390, 390, 450, 488, 466, 435, 436, 444, 558, 590, 442, 395, 391, 390, 390, 390, 390, 427, 427, 392, 389, 390, 427, 427, 425, 440, 487, 466, 435, 436, 425, 419, 419, 391, 389, 450]
Nurse 14,	 BioType 1, 	 Worst score: 590, 	 #times: 2:
[450, 488, 466, 458, 490, 466, 396, 457, 488, 466, 435, 436, 392, 422, 427, 441, 492, 468, 435, 455, 493, 468, 396, 433, 427, 421, 421, 392, 446, 559, 590, 590, 437, 395, 391, 390, 390, 390, 390, 390, 390, 390]
Nurse 15,	 BioType 1, 	 Worst score: 500, 	 #times: 1:
[390, 450, 488, 466, 396, 433, 427, 425, 419, 391, 389, 450, 488, 466, 456, 500, 468, 396, 391, 390, 390, 450, 488, 466, 435, 436, 425, 419, 391, 389, 390, 390, 390, 450, 488, 466, 396, 457, 488, 466, 435, 436]
Nurse 16,	 BioType 1, 	 Worst score: 590, 	 #times: 5:
[450, 488, 466, 396, 391, 427, 448, 493, 468, 458, 490, 466, 396, 457, 559, 590, 442, 395, 391, 390, 390, 390, 427, 427, 425, 391, 446, 559, 590, 590, 437, 395, 457, 488, 466, 458, 560, 590, 590, 437, 440, 435]
Nurse 17,	 BioType 1, 	 Worst score: 590, 	 #times: 2:
[390, 390, 427, 427, 421, 421, 425, 391, 389, 427, 427, 425, 436, 492, 468, 435, 436, 392, 422, 427, 425, 391, 389, 390, 390, 427, 427, 425, 391, 389, 427, 448, 493, 468, 435, 436, 392, 389, 450, 559, 590, 590]
Nurse 18,	 BioType 1, 	 Worst score: 590, 	 #times: 1:
[390, 390, 390, 390, 450, 559, 590, 442, 428, 455, 493, 468, 435, 436, 392, 389, 427, 427, 425, 419, 416, 421, 425, 391, 422, 427, 425, 391, 422, 448, 493, 468, 455, 395, 422, 427, 425, 419, 391, 422, 427, 392]
Nurse 19,	 BioType 2, 	 Worst score: 535, 	 #times: 2:
[355, 355, 355, 355, 355, 355, 355, 355, 355, 355, 355, 355, 491, 535, 438, 361, 356, 355, 355, 355, 355, 355, 355, 355, 491, 535, 438, 361, 356, 355, 355, 355, 355, 355, 355, 408, 408, 358, 356, 355, 355, 355]
Nurse 20,	 BioType 2, 	 Worst score: 564, 	 #times: 1:
[355, 355, 355, 355, 355, 355, 355, 355, 355, 355, 355, 355, 355, 355, 355, 355, 355, 355, 355, 408, 408, 358, 356, 355, 355, 355, 355, 355, 408, 408, 358, 361, 491, 535, 564, 407, 366, 361, 408, 408, 358, 356]
Nurse 21,	 BioType 2, 	 Worst score: 535, 	 #times: 1:
[355, 355, 355, 408, 408, 358, 361, 408, 408, 358, 356, 355, 355, 355, 355, 355, 355, 355, 355, 355, 408, 408, 358, 356, 355, 491, 535, 438, 366, 356, 355, 355, 355, 355, 355, 355, 355, 355, 355, 408, 408, 358]
Nurse 22,	 BioType 4, 	 Worst score: 506, 	 #times: 1:
[394, 394, 394, 473, 476, 487, 506, 453, 395, 395, 473, 476, 471, 462, 462, 462, 393, 465, 476, 471, 456, 467, 471, 462, 393, 393, 394, 469, 481, 437, 395, 395, 394, 469, 481, 437, 395, 395, 473, 461, 394, 393]
Nurse 23,	 BioType 4, 	 Worst score: 506, 	 #times: 2:
[394, 473, 461, 394, 465, 461, 478, 488, 437, 477, 482, 471, 393, 465, 461, 463, 488, 501, 453, 395, 395, 394, 473, 476, 471, 462, 479, 506, 453, 467, 480, 437, 477, 482, 471, 462, 479, 506, 492, 483, 479, 393]
Nurse 24,	 BioType 5, 	 Worst score: 490, 	 #times: 1:
[383, 384, 375, 356, 395, 487, 490, 397, 357, 357, 357, 357, 357, 357, 357, 357, 357, 357, 357, 383, 384, 375, 377, 380, 379, 372, 356, 381, 372, 357, 381, 384, 379, 376, 372, 356, 357, 383, 372, 357, 357, 383]
Nurse 25,	 BioType 6, 	 Worst score: 563, 	 #times: 1:
[559, 550, 442, 439, 441, 441, 559, 550, 442, 439, 441, 441, 441, 441, 441, 559, 550, 442, 439, 441, 441, 441, 441, 441, 441, 441, 441, 441, 515, 527, 475, 445, 442, 441, 441, 559, 563, 562, 541, 530, 543, 475]
Nurse 26,	 BioType 7, 	 Worst score: 486, 	 #times: 1:
[383, 383, 383, 383, 383, 383, 396, 396, 394, 394, 394, 486, 411, 385, 381, 383, 396, 386, 384, 383, 383, 383, 383, 383, 383, 383, 383, 396, 386, 384, 396, 396, 386, 384, 383, 396, 396, 386, 384, 383, 383, 383]

Runtime: 1 mins0secs
Iteration 3	 Avg ind max fatigue: 549	 Max fatigue: 590 [[16],[30]],	 Obj.func.: 590	 Time: 110
nShift
Nurse 1,	 BioType 1:	 Off:16,	 Day:14,	 Eve11,	 Night1:
[0, 1, 0, 0, 1, 1, 1, 1, 1, 1, 0, 0, 2, 0, 1, 1, 2, 3, 0, 0, 2, 2, 0, 1, 1, 1, 1, 0, 1, 0, 0, 0, 2, 2, 2, 2, 0, 2, 2, 0, 0, 2]
Nurse 2,	 BioType 1:	 Off:16,	 Day:17,	 Eve9,	 Night0:
[1, 2, 0, 2, 2, 2, 0, 2, 0, 0, 1, 1, 1, 1, 2, 0, 1, 0, 0, 1, 1, 0, 1, 0, 1, 1, 1, 0, 0, 1, 1, 1, 2, 2, 0, 1, 0, 0, 1, 0, 2, 0]
Nurse 3,	 BioType 1:	 Off:16,	 Day:15,	 Eve8,	 Night3:
[0, 1, 0, 0, 1, 0, 2, 2, 2, 2, 0, 0, 1, 0, 1, 1, 0, 1, 1, 1, 0, 0, 1, 1, 1, 2, 0, 1, 1, 0, 0, 2, 2, 2, 0, 3, 0, 1, 1, 3, 3, 0]
Nurse 4,	 BioType 1:	 Off:16,	 Day:9,	 Eve9,	 Night8:
[3, 0, 1, 3, 0, 1, 1, 2, 2, 0, 0, 2, 2, 0, 1, 2, 0, 0, 3, 0, 1, 3, 0, 1, 0, 0, 2, 2, 2, 0, 3, 0, 1, 1, 3, 0, 0, 0, 1, 2, 3, 3]
Nurse 5,	 BioType 1:	 Off:16,	 Day:8,	 Eve9,	 Night9:
[0, 2, 2, 2, 0, 0, 2, 0, 1, 1, 3, 0, 0, 2, 2, 0, 1, 3, 3, 3, 0, 0, 3, 3, 3, 0, 1, 1, 1, 2, 2, 0, 0, 0, 3, 0, 1, 2, 3, 0, 1, 0]
Nurse 6,	 BioType 1:	 Off:16,	 Day:11,	 Eve8,	 Night7:
[2, 2, 2, 2, 0, 3, 0, 2, 0, 0, 1, 1, 1, 1, 0, 3, 3, 3, 0, 0, 1, 1, 1, 2, 0, 3, 3, 0, 0, 1, 1, 1, 1, 0, 3, 0, 2, 0, 0, 0, 0, 2]
Nurse 7,	 BioType 1:	 Off:16,	 Day:3,	 Eve8,	 Night15:
[0, 0, 2, 2, 2, 2, 0, 0, 3, 0, 1, 3, 3, 3, 0, 0, 1, 1, 3, 3, 3, 0, 0, 3, 3, 3, 0, 2, 2, 2, 3, 0, 0, 3, 3, 3, 0, 2, 0, 0, 3, 0]
Nurse 8,	 BioType 1:	 Off:16,	 Day:10,	 Eve10,	 Night6:
[2, 0, 1, 2, 2, 0, 3, 3, 3, 0, 0, 1, 2, 0, 0, 1, 1, 2, 2, 2, 0, 2, 0, 1, 0, 0, 0, 2, 2, 0, 1, 3, 3, 3, 0, 1, 0, 0, 0, 1, 1, 1]
Nurse 9,	 BioType 1:	 Off:16,	 Day:9,	 Eve11,	 Night6:
[0, 0, 3, 0, 1, 1, 1, 1, 2, 2, 0, 0, 2, 0, 2, 0, 1, 3, 0, 0, 2, 2, 0, 1, 1, 1, 0, 3, 0, 0, 1, 3, 3, 0, 2, 2, 0, 0, 2, 2, 2, 3]
Nurse 10,	 BioType 1:	 Off:16,	 Day:7,	 Eve11,	 Night8:
[3, 3, 3, 0, 2, 2, 0, 1, 1, 0, 0, 3, 0, 1, 0, 0, 2, 2, 0, 2, 2, 2, 3, 0, 0, 1, 2, 0, 2, 2, 3, 0, 0, 2, 0, 3, 0, 1, 1, 0, 1, 3]
Nurse 11,	 BioType 1:	 Off:16,	 Day:12,	 Eve6,	 Night8:
[1, 1, 1, 1, 0, 0, 1, 1, 3, 3, 3, 0, 2, 0, 0, 0, 2, 2, 3, 0, 1, 1, 2, 3, 0, 0, 0, 2, 0, 0, 1, 0, 0, 1, 1, 3, 3, 3, 0, 1, 0, 2]
Nurse 12,	 BioType 1:	 Off:16,	 Day:10,	 Eve12,	 Night4:
[2, 2, 2, 0, 1, 1, 0, 0, 0, 1, 2, 0, 0, 1, 2, 2, 2, 2, 0, 0, 3, 3, 3, 0, 0, 0, 2, 0, 1, 2, 2, 2, 0, 3, 0, 0, 1, 1, 0, 1, 1, 1]
Nurse 13,	 BioType 1:	 Off:16,	 Day:12,	 Eve10,	 Night4:
[0, 0, 2, 0, 1, 1, 2, 2, 2, 2, 0, 0, 3, 0, 0, 1, 1, 0, 1, 1, 3, 0, 0, 3, 0, 1, 1, 0, 1, 2, 2, 0, 0, 1, 1, 1, 2, 0, 2, 2, 0, 3]
Nurse 14,	 BioType 1:	 Off:16,	 Day:12,	 Eve6,	 Night8:
[3, 0, 1, 3, 0, 0, 1, 3, 0, 1, 2, 0, 0, 2, 2, 3, 0, 1, 2, 3, 0, 0, 1, 2, 0, 2, 0, 1, 3, 3, 3, 0, 0, 0, 1, 0, 1, 1, 1, 1, 1, 0]
Nurse 15,	 BioType 1:	 Off:16,	 Day:11,	 Eve9,	 Night6:
[0, 3, 0, 1, 1, 2, 2, 2, 0, 0, 1, 3, 0, 2, 3, 0, 1, 0, 0, 1, 1, 3, 0, 0, 2, 2, 2, 0, 1, 0, 0, 1, 1, 3, 0, 1, 0, 3, 0, 1, 2, 2]
Nurse 16,	 BioType 1:	 Off:16,	 Day:9,	 Eve5,	 Night12:
[3, 0, 1, 0, 0, 2, 3, 0, 1, 3, 0, 0, 1, 3, 3, 0, 1, 1, 0, 0, 1, 1, 2, 2, 0, 0, 3, 3, 3, 0, 0, 1, 3, 0, 1, 3, 3, 3, 0, 2, 2, 0]
Nurse 17,	 BioType 1:	 Off:16,	 Day:8,	 Eve13,	 Night5:
[1, 1, 2, 0, 2, 2, 0, 0, 1, 2, 2, 2, 3, 0, 0, 2, 0, 1, 2, 2, 0, 1, 1, 0, 0, 2, 2, 0, 0, 0, 2, 3, 0, 0, 2, 0, 1, 1, 3, 3, 3, 0]
Nurse 18,	 BioType 1:	 Off:16,	 Day:7,	 Eve15,	 Night4:
[0, 1, 0, 1, 3, 3, 0, 0, 2, 3, 0, 1, 2, 0, 0, 1, 2, 2, 2, 0, 2, 2, 0, 0, 2, 2, 0, 1, 2, 3, 0, 2, 0, 0, 2, 2, 2, 0, 1, 2, 0, 1]
Nurse 19,	 BioType 2:	 Off:16,	 Day:3,	 Eve14,	 Night9:
[0, 0, 3, 3, 3, 0, 2, 3, 3, 0, 0, 2, 2, 0, 3, 3, 3, 0, 0, 2, 0, 2, 0, 2, 2, 2, 2, 0, 3, 0, 0, 0, 1, 1, 2, 2, 2, 2, 0, 1, 2, 0]
Nurse 20,	 BioType 2:	 Off:17,	 Day:14,	 Eve6,	 Night5:
[0, 3, 0, 1, 0, 0, 1, 1, 2, 2, 0, 2, 0, 3, 0, 0, 1, 0, 1, 1, 1, 1, 1, 1, 0, 0, 0, 1, 1, 1, 2, 2, 0, 3, 0, 1, 2, 0, 0, 0, 3, 3]
Nurse 21,	 BioType 2:	 Off:16,	 Day:10,	 Eve10,	 Night6:
[1, 1, 3, 0, 0, 0, 3, 0, 0, 2, 2, 2, 0, 1, 1, 2, 0, 0, 1, 3, 0, 0, 0, 1, 3, 3, 0, 2, 2, 2, 2, 0, 0, 1, 1, 1, 1, 0, 3, 0, 2, 2]
Nurse 22,	 BioType 4:	 Off:16,	 Day:10,	 Eve13,	 Night3:
[1, 0, 1, 2, 2, 3, 0, 1, 0, 0, 2, 2, 2, 2, 2, 0, 0, 2, 2, 0, 2, 2, 2, 0, 1, 0, 0, 3, 0, 1, 1, 1, 1, 3, 0, 0, 0, 1, 2, 0, 1, 0]
Nurse 23,	 BioType 4:	 Off:16,	 Day:5,	 Eve16,	 Night5:
[1, 2, 0, 1, 2, 0, 3, 0, 0, 2, 2, 0, 1, 2, 0, 2, 3, 0, 0, 0, 1, 0, 2, 2, 2, 2, 3, 0, 0, 3, 0, 0, 2, 2, 2, 2, 3, 0, 2, 2, 0, 1]
Nurse 24,	 BioType 5:	 Off:16,	 Day:10,	 Eve14,	 Night2:
[2, 2, 0, 1, 3, 3, 0, 1, 0, 0, 1, 1, 0, 1, 1, 0, 0, 1, 1, 2, 2, 0, 2, 2, 2, 0, 0, 2, 0, 1, 2, 2, 2, 2, 0, 0, 1, 2, 0, 0, 0, 2]
Nurse 25,	 BioType 6:	 Off:16,	 Day:18,	 Eve6,	 Night2:
[2, 0, 1, 0, 0, 1, 2, 0, 0, 1, 1, 1, 1, 0, 1, 2, 0, 0, 1, 1, 0, 1, 0, 0, 1, 1, 1, 1, 3, 0, 0, 1, 1, 1, 0, 2, 2, 2, 0, 3, 0, 1]
Nurse 26,	 BioType 7:	 Off:16,	 Day:12,	 Eve13,	 Night1:
[2, 0, 2, 0, 0, 1, 1, 1, 1, 1, 3, 0, 0, 2, 0, 1, 2, 2, 2, 2, 0, 0, 2, 0, 2, 0, 1, 0, 0, 1, 1, 2, 2, 0, 1, 1, 0, 0, 2, 2, 0, 1]

score
Nurse 1,	 BioType 1, 	 Worst score: 493, 	 #times: 1:
[390, 390, 390, 390, 390, 390, 390, 390, 390, 390, 390, 390, 427, 427, 392, 389, 427, 448, 493, 468, 435, 436, 425, 391, 389, 390, 390, 390, 390, 390, 390, 390, 427, 427, 425, 419, 419, 416, 421, 425, 391, 422]
Nurse 2,	 BioType 1, 	 Worst score: 427, 	 #times: 8:
[390, 427, 427, 421, 421, 425, 419, 416, 421, 392, 389, 390, 390, 390, 427, 427, 392, 389, 390, 390, 390, 390, 390, 390, 390, 390, 390, 390, 390, 390, 390, 390, 427, 427, 425, 391, 389, 390, 390, 390, 427, 427]
Nurse 3,	 BioType 1, 	 Worst score: 590, 	 #times: 1:
[390, 390, 390, 390, 390, 390, 427, 427, 425, 419, 419, 391, 389, 390, 390, 390, 390, 390, 390, 390, 390, 390, 390, 390, 390, 427, 427, 392, 389, 390, 390, 427, 427, 425, 419, 440, 487, 466, 396, 457, 559, 590]
Nurse 4,	 BioType 1, 	 Worst score: 559, 	 #times: 1:
[450, 488, 466, 458, 490, 466, 396, 433, 427, 425, 391, 422, 427, 425, 391, 422, 427, 392, 446, 488, 466, 458, 490, 466, 396, 391, 427, 427, 425, 419, 440, 487, 466, 396, 457, 488, 466, 396, 391, 427, 448, 559]
Nurse 5,	 BioType 1, 	 Worst score: 590, 	 #times: 4:
[390, 427, 427, 425, 419, 391, 422, 427, 392, 389, 450, 488, 466, 435, 436, 425, 391, 446, 559, 590, 590, 437, 451, 560, 590, 590, 437, 395, 391, 427, 427, 425, 391, 389, 450, 488, 466, 435, 455, 493, 468, 396]
Nurse 6,	 BioType 1, 	 Worst score: 590, 	 #times: 3:
[427, 427, 425, 419, 419, 440, 487, 466, 455, 395, 389, 390, 390, 390, 390, 450, 559, 590, 590, 437, 395, 391, 390, 427, 427, 444, 558, 590, 442, 395, 391, 390, 390, 390, 450, 488, 466, 455, 395, 389, 390, 427]
Nurse 7,	 BioType 1, 	 Worst score: 590, 	 #times: 8:
[390, 390, 427, 427, 425, 419, 419, 391, 446, 488, 466, 458, 560, 590, 590, 437, 395, 391, 450, 559, 590, 590, 437, 451, 560, 590, 590, 437, 440, 435, 436, 492, 468, 458, 560, 590, 590, 437, 440, 395, 446, 488]
Nurse 8,	 BioType 1, 	 Worst score: 590, 	 #times: 4:
[427, 427, 392, 422, 427, 425, 440, 558, 590, 590, 437, 395, 433, 427, 392, 389, 390, 427, 427, 425, 419, 416, 421, 392, 389, 390, 390, 427, 427, 425, 391, 446, 559, 590, 590, 437, 395, 391, 390, 390, 390, 390]
Nurse 9,	 BioType 1, 	 Worst score: 590, 	 #times: 1:
[390, 390, 450, 488, 466, 396, 391, 390, 427, 427, 425, 391, 422, 427, 421, 421, 392, 446, 488, 466, 435, 436, 425, 391, 389, 390, 390, 450, 488, 466, 396, 457, 559, 590, 442, 440, 435, 391, 422, 427, 425, 436]
Nurse 10,	 BioType 1, 	 Worst score: 590, 	 #times: 2:
[450, 559, 590, 590, 437, 440, 435, 391, 389, 390, 390, 450, 488, 466, 396, 391, 427, 427, 425, 416, 421, 425, 436, 492, 468, 396, 433, 427, 421, 421, 441, 492, 468, 435, 436, 444, 487, 466, 396, 391, 390, 450]
Nurse 11,	 BioType 1, 	 Worst score: 590, 	 #times: 4:
[390, 390, 390, 390, 390, 390, 390, 390, 450, 559, 590, 590, 437, 440, 395, 389, 427, 427, 441, 492, 468, 396, 433, 448, 493, 468, 396, 433, 427, 392, 389, 390, 390, 390, 390, 450, 559, 590, 590, 437, 395, 433]
Nurse 12,	 BioType 1, 	 Worst score: 590, 	 #times: 2:
[427, 427, 425, 419, 391, 389, 390, 390, 390, 390, 427, 427, 392, 389, 427, 427, 425, 419, 419, 391, 446, 559, 590, 590, 437, 395, 433, 427, 392, 422, 427, 425, 419, 440, 487, 466, 396, 391, 390, 390, 390, 390]
Nurse 13,	 BioType 1, 	 Worst score: 490, 	 #times: 1:
[390, 390, 427, 427, 392, 389, 427, 427, 425, 419, 419, 391, 446, 488, 466, 396, 391, 390, 390, 390, 450, 488, 466, 458, 490, 466, 396, 391, 390, 427, 427, 425, 391, 389, 390, 390, 427, 427, 421, 421, 425, 440]
Nurse 14,	 BioType 1, 	 Worst score: 590, 	 #times: 2:
[450, 488, 466, 458, 490, 466, 396, 457, 488, 466, 435, 436, 392, 422, 427, 441, 492, 468, 435, 455, 493, 468, 396, 433, 427, 421, 421, 392, 446, 559, 590, 590, 437, 395, 391, 390, 390, 390, 390, 390, 390, 390]
Nurse 15,	 BioType 1, 	 Worst score: 500, 	 #times: 1:
[390, 450, 488, 466, 396, 433, 427, 425, 419, 391, 389, 450, 488, 466, 456, 500, 468, 396, 391, 390, 390, 450, 488, 466, 435, 436, 425, 419, 391, 389, 390, 390, 390, 450, 488, 466, 396, 457, 488, 466, 435, 436]
Nurse 16,	 BioType 1, 	 Worst score: 590, 	 #times: 5:
[450, 488, 466, 396, 391, 427, 448, 493, 468, 458, 490, 466, 396, 457, 559, 590, 442, 395, 391, 390, 390, 390, 427, 427, 425, 391, 446, 559, 590, 590, 437, 395, 457, 488, 466, 458, 560, 590, 590, 437, 440, 435]
Nurse 17,	 BioType 1, 	 Worst score: 590, 	 #times: 2:
[390, 390, 427, 427, 421, 421, 425, 391, 389, 427, 427, 425, 436, 492, 468, 435, 436, 392, 422, 427, 425, 391, 389, 390, 390, 427, 427, 425, 391, 389, 427, 448, 493, 468, 435, 436, 392, 389, 450, 559, 590, 590]
Nurse 18,	 BioType 1, 	 Worst score: 590, 	 #times: 1:
[390, 390, 390, 390, 450, 559, 590, 442, 428, 455, 493, 468, 435, 436, 392, 389, 427, 427, 425, 419, 416, 421, 425, 391, 422, 427, 425, 391, 422, 448, 493, 468, 455, 395, 422, 427, 425, 419, 391, 422, 427, 392]
Nurse 19,	 BioType 2, 	 Worst score: 564, 	 #times: 2:
[355, 355, 355, 491, 535, 564, 407, 368, 498, 535, 438, 361, 356, 355, 355, 491, 535, 564, 407, 361, 356, 355, 355, 355, 355, 355, 355, 355, 355, 408, 408, 358, 356, 355, 355, 355, 355, 355, 355, 355, 355, 355]
Nurse 20,	 BioType 2, 	 Worst score: 491, 	 #times: 1:
[355, 355, 408, 408, 358, 356, 355, 355, 355, 355, 355, 355, 355, 355, 408, 408, 358, 356, 355, 355, 355, 355, 355, 355, 355, 355, 355, 355, 355, 355, 355, 355, 355, 355, 408, 408, 358, 356, 355, 355, 355, 491]
Nurse 21,	 BioType 2, 	 Worst score: 535, 	 #times: 1:
[355, 355, 355, 408, 408, 358, 361, 408, 408, 358, 356, 355, 355, 355, 355, 355, 355, 355, 355, 355, 408, 408, 358, 356, 355, 491, 535, 438, 366, 356, 355, 355, 355, 355, 355, 355, 355, 355, 355, 408, 408, 358]
Nurse 22,	 BioType 4, 	 Worst score: 506, 	 #times: 1:
[394, 394, 394, 473, 476, 487, 506, 453, 395, 395, 473, 476, 471, 462, 462, 462, 393, 465, 476, 471, 456, 467, 471, 462, 393, 393, 394, 469, 481, 437, 395, 395, 394, 469, 481, 437, 395, 395, 473, 461, 394, 393]
Nurse 23,	 BioType 4, 	 Worst score: 506, 	 #times: 2:
[394, 473, 461, 394, 465, 461, 478, 488, 437, 477, 482, 471, 393, 465, 461, 463, 488, 501, 453, 395, 395, 394, 473, 476, 471, 462, 479, 506, 453, 467, 480, 437, 477, 482, 471, 462, 479, 506, 492, 483, 479, 393]
Nurse 24,	 BioType 5, 	 Worst score: 490, 	 #times: 1:
[383, 384, 375, 356, 395, 487, 490, 397, 357, 357, 357, 357, 357, 357, 357, 357, 357, 357, 357, 383, 384, 375, 377, 380, 379, 372, 356, 381, 372, 357, 381, 384, 379, 376, 372, 356, 357, 383, 372, 357, 357, 383]
Nurse 25,	 BioType 6, 	 Worst score: 563, 	 #times: 1:
[559, 550, 442, 439, 441, 441, 559, 550, 442, 439, 441, 441, 441, 441, 441, 559, 550, 442, 439, 441, 441, 441, 441, 441, 441, 441, 441, 441, 515, 527, 475, 445, 442, 441, 441, 559, 563, 562, 541, 530, 543, 475]
Nurse 26,	 BioType 7, 	 Worst score: 486, 	 #times: 1:
[383, 383, 383, 383, 383, 383, 396, 396, 394, 394, 394, 486, 411, 385, 381, 383, 396, 386, 384, 383, 383, 383, 383, 383, 383, 383, 383, 396, 386, 384, 396, 396, 386, 384, 383, 396, 396, 386, 384, 383, 383, 383]
