
===Parameters: nNurses 30, nDays 42, nBioInstance 1, MaxFatigue 400, LNStimes (mins) 1, 1, ===
---Change of Parameters: nNurses 30, nDays 42, nBioInstance 1, MaxFatigue 400, LNStimes (mins) 1, 1, ---

nShift
Nurse 1,	 BioType 1:	 Off:20,	 Day:12,	 Eve4,	 Night6:
[0, 3, 3, 0, 0, 2, 0, 0, 1, 0, 1, 1, 1, 1, 0, 2, 0, 0, 1, 2, 0, 1, 0, 0, 3, 3, 0, 1, 0, 2, 0, 0, 0, 1, 0, 1, 3, 0, 1, 1, 0, 3]
Nurse 2,	 BioType 1:	 Off:17,	 Day:13,	 Eve11,	 Night1:
[0, 1, 1, 1, 2, 2, 0, 0, 2, 2, 0, 2, 2, 0, 0, 1, 0, 2, 2, 0, 1, 0, 0, 1, 1, 1, 0, 1, 0, 0, 1, 0, 1, 3, 0, 0, 2, 2, 2, 0, 1, 1]
Nurse 3,	 BioType 1:	 Off:19,	 Day:12,	 Eve9,	 Night2:
[1, 2, 0, 0, 1, 1, 1, 2, 0, 1, 1, 0, 0, 2, 0, 1, 1, 2, 3, 0, 2, 0, 0, 2, 0, 0, 2, 0, 1, 1, 1, 0, 0, 0, 2, 0, 0, 1, 2, 0, 0, 3]
Nurse 4,	 BioType 1:	 Off:19,	 Day:7,	 Eve8,	 Night8:
[2, 2, 0, 3, 0, 1, 1, 0, 1, 0, 0, 2, 3, 3, 3, 0, 2, 0, 0, 0, 1, 3, 0, 1, 2, 0, 0, 2, 3, 0, 0, 1, 3, 3, 0, 2, 0, 1, 0, 0, 2, 0]
Nurse 5,	 BioType 1:	 Off:21,	 Day:3,	 Eve5,	 Night13:
[2, 0, 0, 1, 0, 3, 0, 0, 1, 2, 2, 0, 3, 0, 0, 3, 0, 2, 3, 3, 0, 0, 0, 3, 0, 0, 3, 0, 1, 3, 3, 0, 0, 2, 0, 0, 3, 0, 0, 3, 3, 3]
Nurse 6,	 BioType 1:	 Off:20,	 Day:12,	 Eve4,	 Night6:
[1, 0, 2, 0, 1, 2, 3, 0, 0, 3, 0, 0, 1, 3, 0, 2, 3, 3, 0, 0, 1, 0, 1, 0, 1, 0, 1, 0, 0, 1, 1, 1, 0, 2, 0, 0, 0, 1, 0, 1, 3, 0]
Nurse 7,	 BioType 1:	 Off:20,	 Day:3,	 Eve13,	 Night6:
[0, 3, 0, 2, 0, 0, 2, 2, 2, 0, 2, 2, 3, 0, 0, 0, 1, 2, 0, 1, 2, 0, 2, 0, 0, 2, 3, 0, 1, 0, 0, 0, 2, 2, 0, 3, 0, 0, 3, 3, 0, 2]
Nurse 8,	 BioType 1:	 Off:19,	 Day:9,	 Eve6,	 Night8:
[0, 1, 3, 3, 0, 1, 0, 0, 1, 0, 1, 1, 2, 0, 1, 0, 0, 1, 1, 0, 3, 3, 3, 0, 0, 1, 2, 0, 3, 0, 2, 2, 0, 0, 3, 0, 0, 3, 0, 2, 2, 0]
Nurse 9,	 BioType 1:	 Off:18,	 Day:7,	 Eve12,	 Night5:
[1, 0, 2, 2, 3, 0, 2, 3, 3, 0, 0, 2, 0, 2, 2, 0, 1, 0, 0, 1, 0, 0, 1, 0, 3, 0, 2, 0, 1, 1, 0, 0, 1, 0, 2, 2, 2, 2, 2, 0, 0, 3]
Nurse 10,	 BioType 1:	 Off:20,	 Day:12,	 Eve4,	 Night6:
[1, 1, 1, 0, 0, 3, 0, 2, 2, 0, 1, 1, 3, 0, 0, 2, 0, 1, 0, 1, 1, 0, 0, 1, 0, 1, 0, 2, 0, 0, 3, 0, 0, 1, 0, 3, 0, 0, 0, 1, 3, 3]
Nurse 11,	 BioType 1:	 Off:19,	 Day:9,	 Eve8,	 Night6:
[0, 3, 0, 1, 1, 1, 0, 0, 1, 0, 2, 3, 0, 2, 2, 0, 0, 1, 0, 1, 0, 1, 2, 0, 3, 0, 0, 1, 2, 2, 0, 0, 3, 3, 0, 2, 0, 0, 1, 2, 0, 3]
Nurse 12,	 BioType 1:	 Off:20,	 Day:8,	 Eve7,	 Night7:
[3, 0, 2, 0, 0, 1, 0, 1, 0, 3, 3, 0, 0, 2, 0, 1, 2, 0, 1, 1, 1, 0, 0, 2, 0, 2, 0, 3, 0, 2, 3, 0, 0, 0, 1, 0, 1, 0, 3, 0, 2, 3]
Nurse 13,	 BioType 1:	 Off:19,	 Day:10,	 Eve8,	 Night5:
[0, 0, 0, 2, 2, 2, 0, 3, 0, 1, 2, 0, 0, 1, 1, 2, 0, 1, 1, 0, 1, 0, 0, 1, 2, 3, 3, 0, 1, 0, 0, 1, 1, 0, 2, 3, 0, 0, 3, 0, 0, 2]
Nurse 14,	 BioType 1:	 Off:20,	 Day:4,	 Eve9,	 Night9:
[0, 0, 0, 2, 0, 0, 2, 0, 1, 2, 3, 3, 0, 2, 0, 0, 1, 3, 0, 0, 2, 0, 3, 0, 2, 0, 3, 3, 0, 0, 2, 2, 2, 0, 1, 0, 0, 1, 3, 3, 3, 0]
Nurse 15,	 BioType 1:	 Off:18,	 Day:4,	 Eve17,	 Night3:
[0, 2, 2, 0, 2, 0, 3, 0, 0, 2, 0, 2, 0, 1, 2, 2, 3, 0, 0, 0, 1, 1, 2, 2, 2, 0, 0, 2, 2, 0, 1, 2, 0, 2, 0, 0, 2, 2, 3, 0, 2, 0]
Nurse 16,	 BioType 2:	 Off:19,	 Day:3,	 Eve14,	 Night6:
[0, 2, 0, 2, 3, 0, 2, 0, 0, 1, 0, 0, 3, 0, 2, 2, 0, 2, 2, 3, 0, 0, 2, 2, 2, 2, 2, 0, 0, 3, 0, 1, 0, 2, 0, 0, 3, 0, 2, 0, 1, 3]
Nurse 17,	 BioType 2:	 Off:19,	 Day:10,	 Eve8,	 Night5:
[1, 3, 3, 0, 1, 0, 1, 0, 2, 0, 0, 1, 1, 1, 0, 1, 1, 0, 0, 0, 3, 0, 2, 0, 0, 2, 0, 1, 2, 0, 0, 0, 2, 3, 0, 1, 2, 0, 2, 2, 3, 0]
Nurse 18,	 BioType 2:	 Off:20,	 Day:7,	 Eve7,	 Night8:
[2, 2, 0, 0, 0, 2, 0, 1, 0, 1, 0, 3, 0, 2, 0, 0, 0, 1, 0, 3, 0, 2, 0, 3, 0, 0, 1, 2, 3, 3, 3, 0, 0, 1, 0, 0, 1, 0, 1, 2, 3, 3]
Nurse 19,	 BioType 2:	 Off:19,	 Day:14,	 Eve4,	 Night5:
[3, 0, 1, 0, 0, 1, 1, 1, 3, 0, 1, 0, 0, 1, 1, 0, 0, 0, 1, 3, 3, 3, 0, 0, 0, 1, 0, 1, 2, 0, 0, 0, 1, 0, 1, 1, 1, 2, 0, 2, 0, 2]
Nurse 20,	 BioType 3:	 Off:19,	 Day:9,	 Eve6,	 Night8:
[0, 0, 1, 0, 2, 0, 3, 0, 0, 1, 1, 0, 3, 0, 0, 3, 0, 0, 2, 0, 1, 1, 1, 0, 1, 3, 3, 0, 0, 0, 3, 3, 3, 0, 2, 2, 2, 0, 0, 1, 1, 2]
Nurse 21,	 BioType 3:	 Off:19,	 Day:8,	 Eve12,	 Night3:
[0, 1, 0, 0, 3, 0, 1, 0, 0, 2, 2, 0, 2, 2, 2, 0, 3, 0, 0, 1, 1, 2, 3, 0, 2, 0, 1, 0, 0, 1, 2, 0, 1, 0, 1, 0, 0, 2, 2, 2, 0, 2]
Nurse 22,	 BioType 4:	 Off:20,	 Day:7,	 Eve9,	 Night6:
[2, 2, 3, 0, 0, 3, 0, 0, 0, 1, 3, 0, 1, 0, 3, 0, 2, 0, 0, 3, 0, 1, 1, 2, 0, 0, 1, 2, 2, 2, 0, 1, 0, 0, 2, 2, 0, 3, 0, 0, 1, 0]
Nurse 23,	 BioType 4:	 Off:20,	 Day:5,	 Eve11,	 Night6:
[0, 3, 0, 1, 2, 0, 2, 2, 0, 0, 3, 0, 1, 0, 1, 0, 2, 0, 0, 3, 0, 0, 1, 2, 0, 1, 3, 0, 0, 2, 2, 0, 2, 0, 3, 0, 0, 2, 0, 2, 2, 3]
Nurse 24,	 BioType 4:	 Off:19,	 Day:10,	 Eve9,	 Night4:
[1, 1, 0, 1, 1, 2, 0, 2, 2, 0, 0, 1, 1, 0, 3, 0, 2, 3, 0, 2, 2, 0, 0, 0, 1, 3, 0, 1, 0, 0, 0, 2, 2, 0, 1, 2, 0, 1, 0, 0, 0, 3]
Nurse 25,	 BioType 4:	 Off:19,	 Day:9,	 Eve8,	 Night6:
[2, 0, 2, 0, 1, 2, 0, 3, 3, 3, 0, 0, 0, 3, 0, 1, 2, 3, 3, 0, 2, 0, 0, 1, 1, 0, 1, 0, 1, 1, 2, 0, 0, 2, 0, 0, 1, 0, 2, 0, 0, 1]
Nurse 26,	 BioType 4:	 Off:18,	 Day:12,	 Eve10,	 Night2:
[1, 0, 0, 2, 0, 1, 0, 1, 2, 2, 0, 0, 2, 0, 1, 0, 0, 2, 2, 2, 2, 2, 0, 0, 1, 1, 0, 3, 0, 0, 1, 3, 0, 1, 1, 1, 0, 0, 1, 2, 0, 1]
Nurse 27,	 BioType 4:	 Off:18,	 Day:12,	 Eve11,	 Night1:
[3, 0, 1, 0, 2, 2, 0, 1, 1, 0, 0, 1, 0, 1, 0, 0, 1, 0, 2, 2, 0, 1, 1, 0, 0, 0, 0, 1, 2, 0, 2, 2, 2, 0, 2, 0, 0, 1, 1, 1, 2, 2]
Nurse 28,	 BioType 7:	 Off:18,	 Day:10,	 Eve10,	 Night4:
[0, 1, 2, 3, 3, 0, 1, 1, 0, 0, 2, 2, 2, 0, 2, 3, 0, 0, 0, 2, 0, 2, 0, 1, 0, 2, 2, 0, 0, 1, 0, 1, 1, 1, 3, 0, 2, 0, 0, 1, 0, 1]
Nurse 29,	 BioType 7:	 Off:18,	 Day:15,	 Eve8,	 Night1:
[2, 0, 1, 1, 1, 1, 0, 0, 1, 2, 0, 0, 1, 0, 0, 0, 1, 1, 1, 2, 0, 2, 2, 0, 0, 2, 2, 0, 0, 0, 1, 2, 0, 1, 0, 1, 1, 3, 0, 0, 1, 1]
Nurse 30,	 BioType 8:	 Off:19,	 Day:11,	 Eve10,	 Night2:
[1, 0, 2, 0, 0, 0, 2, 2, 0, 1, 0, 0, 2, 0, 1, 1, 0, 0, 2, 2, 2, 2, 0, 3, 0, 0, 1, 2, 0, 2, 0, 3, 0, 0, 1, 1, 1, 0, 1, 0, 1, 1]
Initial SATISFY solution found.
Starting phase 2......